<?xml version="1.0" encoding="utf-8"?>
<COLLADA xmlns="http://www.collada.org/2005/11/COLLADASchema" version="1.4.1">
  <asset>
    <contributor>
      <author>Mixamo</author>
      <authoring_tool>COLLADA Mixamo exporter</authoring_tool>
      <comments/>
    </contributor>
    <created>2024-10-12T09:09:30Z</created>
    <modified>2024-10-12T09:09:30Z</modified>
    <revision/>
    <title/>
    <unit meter="0.010000"/>
    <up_axis>Y_UP</up_axis>
  </asset>
  <library_animations>
    <animation id="mixamorig_Hips-anim" name="mixamorig_Hips">
      <source id="mixamorig_Hips-Matrix-animation-input">
        <float_array id="mixamorig_Hips-Matrix-animation-input-array" count="111">

0.000000 0.033333 0.066667 0.100000 0.133333 0.166667 0.200000 0.233333 0.266667 0.300000 0.333333 0.366667 0.400000 0.433333 0.466667 0.500000
0.533333 0.566667 0.600000 0.633333 0.666667 0.700000 0.733333 0.766667 0.800000 0.833333 0.866667 0.900000 0.933333 0.966667 1.000000 1.033333
1.066667 1.100000 1.133333 1.166667 1.200000 1.233333 1.266667 1.300000 1.333333 1.366667 1.400000 1.433333 1.466667 1.500000 1.533333 1.566667
1.600000 1.633333 1.666667 1.700000 1.733333 1.766667 1.800000 1.833333 1.866667 1.900000 1.933333 1.966667 2.000000 2.033333 2.066667 2.100000
2.133333 2.166667 2.200000 2.233333 2.266667 2.300000 2.333333 2.366667 2.400000 2.433333 2.466667 2.500000 2.533333 2.566667 2.600000 2.633333
2.666667 2.700000 2.733333 2.766667 2.800000 2.833333 2.866667 2.900000 2.933333 2.966667 3.000000 3.033333 3.066667 3.100000 3.133333 3.166667
3.200000 3.233333 3.266667 3.300000 3.333333 3.366667 3.400000 3.433333 3.466667 3.500000 3.533333 3.566667 3.600000 3.633333 3.666667</float_array>
        <technique_common>
          <accessor source="#mixamorig_Hips-Matrix-animation-input-array" count="111">
            <param name="TIME" type="float"/>
          </accessor>
        </technique_common>
      </source>
      <source id="mixamorig_Hips-Matrix-animation-output-transform">
        <float_array id="mixamorig_Hips-Matrix-animation-output-transform-array" count="1776">

0.996250 -0.037749 -0.077853 -0.120787 0.033087 0.997630 -0.060326 91.382202 0.079946 0.057524 0.995138 0.165402 0.000000 0.000000 0.000000 1.000000
0.998487 -0.022289 0.050274 1.242437 0.025359 0.997799 -0.061275 90.442398 -0.048798 0.062457 0.996854 0.257457 0.000000 0.000000 0.000000 1.000000
0.984243 -0.012226 0.176397 2.608562 0.023271 0.997886 -0.060685 89.248032 -0.175282 0.063833 0.982447 0.392125 0.000000 0.000000 0.000000 1.000000
0.954443 -0.006453 0.298325 3.926456 0.024747 0.998034 -0.057585 87.883865 -0.297367 0.062344 0.952726 0.588990 0.000000 0.000000 0.000000 1.000000
0.911233 -0.001561 0.411888 5.088657 0.024442 0.998436 -0.050288 86.540848 -0.411166 0.055892 0.909846 0.894293 0.000000 0.000000 0.000000 1.000000
0.859687 0.005996 0.510787 5.955402 0.014613 0.999233 -0.036326 85.471771 -0.510613 0.038693 0.858940 1.399590 0.000000 0.000000 0.000000 1.000000
0.807675 0.014370 0.589453 6.431172 -0.007527 0.999873 -0.014062 84.958572 -0.589581 0.006921 0.807680 2.198109 0.000000 0.000000 0.000000 1.000000
0.762228 0.019970 0.647000 6.577667 -0.039179 0.999115 0.015319 85.110176 -0.646121 -0.037025 0.762336 3.315000 0.000000 0.000000 0.000000 1.000000
0.725995 0.020786 0.687386 6.607882 -0.073949 0.996107 0.047982 85.878387 -0.683713 -0.085666 0.724705 4.645266 0.000000 0.000000 0.000000 1.000000
0.697699 0.017488 0.716178 6.741694 -0.106648 0.991098 0.079695 87.090179 -0.708408 -0.131982 0.693353 5.987883 0.000000 0.000000 0.000000 1.000000
0.675400 0.011607 0.737360 7.060308 -0.134624 0.985015 0.107807 88.459831 -0.725059 -0.172080 0.666842 7.146180 0.000000 0.000000 0.000000 1.000000
0.658812 0.004055 0.752297 7.507385 -0.155513 0.979121 0.130910 89.633415 -0.736059 -0.203237 0.645687 8.007634 0.000000 0.000000 0.000000 1.000000
0.649334 -0.004360 0.760491 7.999087 -0.166088 0.975032 0.147402 90.320290 -0.742145 -0.222022 0.632397 8.551451 0.000000 0.000000 0.000000 1.000000
0.648743 -0.011850 0.760915 8.484324 -0.164024 0.974200 0.155016 90.439301 -0.743121 -0.225373 0.630062 8.796200 0.000000 0.000000 0.000000 1.000000
0.657902 -0.015619 0.752941 8.913752 -0.150046 0.977022 0.151374 90.126793 -0.738005 -0.212565 0.640441 8.742842 0.000000 0.000000 0.000000 1.000000
0.676299 -0.013194 0.736509 9.221416 -0.127750 0.982588 0.134909 89.604111 -0.725465 -0.185328 0.662837 8.374290 0.000000 0.000000 0.000000 1.000000
0.702102 -0.003863 0.712066 9.359127 -0.101820 0.989165 0.105761 89.054459 -0.704759 -0.146758 0.694101 7.695350 0.000000 0.000000 0.000000 1.000000
0.732188 0.010887 0.681015 9.332418 -0.076447 0.994868 0.066287 88.571503 -0.676799 -0.100596 0.729263 6.757705 0.000000 0.000000 0.000000 1.000000
0.762538 0.028515 0.646315 9.187346 -0.054919 0.998275 0.020751 88.195427 -0.644609 -0.051319 0.762788 5.640734 0.000000 0.000000 0.000000 1.000000
0.789300 0.046693 0.612230 9.002111 -0.038981 0.998904 -0.025927 87.911377 -0.612769 -0.003401 0.790254 4.446001 0.000000 0.000000 0.000000 1.000000
0.809846 0.063953 0.583146 8.873142 -0.028572 0.997160 -0.069679 87.641830 -0.585946 0.039768 0.809374 3.283942 0.000000 0.000000 0.000000 1.000000
0.822872 0.079734 0.562605 8.879106 -0.022431 0.993892 -0.108049 87.276428 -0.567784 0.076291 0.819635 2.238144 0.000000 0.000000 0.000000 1.000000
0.827903 0.093635 0.553000 9.040892 -0.018432 0.989976 -0.140030 86.736748 -0.560568 0.105738 0.821330 1.350515 0.000000 0.000000 0.000000 1.000000
0.825031 0.104866 0.555273 9.318212 -0.013969 0.986115 -0.165478 86.032784 -0.564915 0.128768 0.815040 0.648306 0.000000 0.000000 0.000000 1.000000
0.814886 0.112916 0.568516 9.655243 -0.007448 0.982800 -0.184524 85.275536 -0.579573 0.146132 0.801711 0.163299 0.000000 0.000000 0.000000 1.000000
0.798608 0.118309 0.590109 10.015657 0.000479 0.980364 -0.197198 84.605293 -0.601851 0.157766 0.782870 -0.096808 0.000000 0.000000 0.000000 1.000000
0.778016 0.120893 0.616504 10.349886 0.008901 0.979091 -0.203227 84.137688 -0.628182 0.163602 0.760672 -0.186442 0.000000 0.000000 0.000000 1.000000
0.755314 0.119951 0.644292 10.570356 0.016751 0.979253 -0.201950 83.925713 -0.655149 0.163328 0.737634 -0.203069 0.000000 0.000000 0.000000 1.000000
0.732319 0.115498 0.671095 10.628856 0.021736 0.981044 -0.192560 84.038719 -0.680615 0.155603 0.715927 -0.195680 0.000000 0.000000 0.000000 1.000000
0.710150 0.108888 0.695579 10.568256 0.020119 0.984426 -0.174645 84.579521 -0.703763 0.138019 0.696899 -0.142081 0.000000 0.000000 0.000000 1.000000
0.689992 0.101814 0.716620 10.463753 0.008102 0.988909 -0.148301 85.540527 -0.723772 0.108132 0.681515 -0.008444 0.000000 0.000000 0.000000 1.000000
0.673556 0.095409 0.732953 10.387045 -0.016797 0.993354 -0.113870 86.792946 -0.738946 0.064386 0.670682 0.232859 0.000000 0.000000 0.000000 1.000000
0.661957 0.089537 0.744175 10.428851 -0.053678 0.995953 -0.072082 88.206482 -0.747617 0.007769 0.664084 0.649837 0.000000 0.000000 0.000000 1.000000
0.653320 0.082964 0.752522 10.690039 -0.097950 0.994886 -0.024647 89.683098 -0.750719 -0.057607 0.658105 1.345923 0.000000 0.000000 0.000000 1.000000
0.642183 0.073558 0.763014 11.227847 -0.143401 0.989341 0.025315 91.208298 -0.753019 -0.125674 0.645886 2.379604 0.000000 0.000000 0.000000 1.000000
0.622738 0.060382 0.780097 11.971040 -0.187226 0.979553 0.073639 92.863281 -0.759700 -0.191912 0.621310 3.653692 0.000000 0.000000 0.000000 1.000000
0.593434 0.045751 0.803581 12.667458 -0.231685 0.965837 0.116107 94.618607 -0.770816 -0.255080 0.583761 4.903296 0.000000 0.000000 0.000000 1.000000
0.560400 0.031243 0.827633 13.039259 -0.274236 0.949919 0.149830 96.361809 -0.781503 -0.310931 0.540902 5.937159 0.000000 0.000000 0.000000 1.000000
0.533495 0.019147 0.845586 12.935152 -0.309373 0.934883 0.174019 97.783127 -0.787192 -0.354440 0.504679 6.680981 0.000000 0.000000 0.000000 1.000000
0.517995 0.011210 0.855310 12.534893 -0.331910 0.924204 0.188899 98.659317 -0.788363 -0.381734 0.482454 7.225647 0.000000 0.000000 0.000000 1.000000
0.513499 0.008249 0.858051 12.033465 -0.340166 0.919983 0.194727 98.981834 -0.787785 -0.391872 0.475216 7.530007 0.000000 0.000000 0.000000 1.000000
0.513141 0.010804 0.858236 11.943008 -0.336982 0.922167 0.189873 98.856705 -0.789385 -0.386642 0.476843 7.908924 0.000000 0.000000 0.000000 1.000000
0.521345 0.016720 0.853182 11.904404 -0.319530 0.930897 0.177009 98.151344 -0.791265 -0.364900 0.490661 8.121251 0.000000 0.000000 0.000000 1.000000
0.543889 0.024172 0.838809 11.569545 -0.287241 0.944564 0.159030 96.799927 -0.788465 -0.327435 0.520682 7.928787 0.000000 0.000000 0.000000 1.000000
0.581236 0.032502 0.813086 10.783836 -0.245538 0.959634 0.137164 95.061356 -0.775806 -0.279368 0.565754 7.095358 0.000000 0.000000 0.000000 1.000000
0.625612 0.040559 0.779080 9.708603 -0.201870 0.973051 0.111446 93.338974 -0.753564 -0.226995 0.616940 5.678482 0.000000 0.000000 0.000000 1.000000
0.667744 0.045463 0.743001 8.520448 -0.159339 0.983728 0.083008 91.971474 -0.727137 -0.173818 0.664123 3.903710 0.000000 0.000000 0.000000 1.000000
0.702982 0.043673 0.709866 7.358648 -0.116401 0.991719 0.054259 91.127457 -0.701618 -0.120772 0.702244 2.095267 0.000000 0.000000 0.000000 1.000000
0.733538 0.032823 0.678856 6.343862 -0.070857 0.997083 0.028355 90.782501 -0.675945 -0.068901 0.733724 0.554853 0.000000 0.000000 0.000000 1.000000
0.765602 0.012800 0.643188 5.586235 -0.023267 0.999699 0.007800 90.773720 -0.642894 -0.020936 0.765669 -0.533774 0.000000 0.000000 0.000000 1.000000
0.804161 -0.014258 0.594241 5.150939 0.023120 0.999706 -0.007300 90.866714 -0.593962 0.019609 0.804254 -1.119704 0.000000 0.000000 0.000000 1.000000
0.849476 -0.044483 0.525749 4.985806 0.064140 0.997756 -0.019215 90.884102 -0.523714 0.050044 0.850423 -1.270430 0.000000 0.000000 0.000000 1.000000
0.896819 -0.073914 0.436180 4.915680 0.096878 0.994826 -0.030608 90.768517 -0.431661 0.069706 0.899339 -1.117969 0.000000 0.000000 0.000000 1.000000
0.939107 -0.100088 0.328725 4.694357 0.120618 0.991784 -0.042613 90.543678 -0.321759 0.079668 0.943464 -0.813664 0.000000 0.000000 0.000000 1.000000
0.970157 -0.121644 0.209757 4.108809 0.135763 0.989256 -0.054229 90.245750 -0.200906 0.081088 0.976249 -0.477602 0.000000 0.000000 0.000000 1.000000
0.986752 -0.136955 0.086969 3.082651 0.142623 0.987790 -0.062684 89.870934 -0.077322 0.074257 0.994237 -0.160567 0.000000 0.000000 0.000000 1.000000
0.989218 -0.142858 -0.032241 1.688790 0.140582 0.987976 -0.064338 89.396576 0.041044 0.059112 0.997407 0.160165 0.000000 0.000000 0.000000 1.000000
0.980588 -0.134978 -0.142223 0.089655 0.128179 0.990170 -0.055974 88.765945 0.148380 0.036657 0.988251 0.532618 0.000000 0.000000 0.000000 1.000000
0.964004 -0.112581 -0.240878 -1.555973 0.107001 0.993601 -0.036164 87.965233 0.243408 0.009088 0.969881 1.013639 0.000000 0.000000 0.000000 1.000000
0.940188 -0.084363 -0.330045 -3.211488 0.087258 0.996167 -0.006062 87.193123 0.329292 -0.023099 0.943946 1.719673 0.000000 0.000000 0.000000 1.000000
0.908714 -0.062920 -0.412651 -4.992911 0.083012 0.996069 0.030925 86.859787 0.409083 -0.062357 0.910364 2.671926 0.000000 0.000000 0.000000 1.000000
0.870196 -0.054317 -0.489703 -6.900702 0.101601 0.992326 0.070476 87.077171 0.482117 -0.111082 0.869036 3.861670 0.000000 0.000000 0.000000 1.000000
0.826449 -0.056451 -0.560174 -8.914276 0.141241 0.983931 0.109224 87.777657 0.545007 -0.169387 0.821143 5.206965 0.000000 0.000000 0.000000 1.000000
0.779836 -0.061634 -0.622942 -10.967527 0.192815 0.970408 0.145365 88.814102 0.595548 -0.233473 0.768643 6.576699 0.000000 0.000000 0.000000 1.000000
0.732745 -0.063468 -0.677537 -12.934481 0.246469 0.952795 0.177300 90.047508 0.634300 -0.296908 0.713799 7.815678 0.000000 0.000000 0.000000 1.000000
0.688069 -0.060286 -0.723137 -14.648788 0.295157 0.933633 0.203008 91.318085 0.662906 -0.353122 0.660197 8.797565 0.000000 0.000000 0.000000 1.000000
0.649533 -0.053849 -0.758424 -15.964287 0.333966 0.916322 0.220956 92.411591 0.683062 -0.396806 0.613165 9.477455 0.000000 0.000000 0.000000 1.000000
0.620613 -0.047052 -0.782704 -16.840651 0.359044 0.904456 0.230318 93.125633 0.697084 -0.423964 0.578211 9.885537 0.000000 0.000000 0.000000 1.000000
0.603144 -0.042949 -0.796475 -17.341982 0.368268 0.900743 0.230305 93.342552 0.707528 -0.432223 0.559095 10.040612 0.000000 0.000000 0.000000 1.000000
0.597200 -0.043977 -0.800886 -17.525965 0.362032 0.905779 0.220221 93.039375 0.715741 -0.421462 0.556853 9.885078 0.000000 0.000000 0.000000 1.000000
0.601433 -0.050883 -0.797301 -17.387888 0.342803 0.917868 0.200011 92.304634 0.721640 -0.393610 0.569479 9.343632 0.000000 0.000000 0.000000 1.000000
0.613110 -0.062236 -0.787542 -16.884312 0.313994 0.933965 0.170640 91.313545 0.724917 -0.351905 0.592165 8.398182 0.000000 0.000000 0.000000 1.000000
0.628576 -0.074935 -0.774130 -16.015814 0.279095 0.950786 0.134584 90.298714 0.725947 -0.300652 0.618555 7.095693 0.000000 0.000000 0.000000 1.000000
0.644660 -0.085595 -0.759663 -14.914275 0.241240 0.965715 0.095907 89.492859 0.725408 -0.245088 0.643206 5.561702 0.000000 0.000000 0.000000 1.000000
0.660188 -0.092710 -0.745357 -13.801558 0.203816 0.977231 0.058976 89.044357 0.722918 -0.190851 0.664052 3.991635 0.000000 0.000000 0.000000 1.000000
0.675400 -0.097813 -0.730936 -12.899254 0.171207 0.984881 0.026404 88.959572 0.717302 -0.142975 0.681935 2.608564 0.000000 0.000000 0.000000 1.000000
0.690072 -0.103881 -0.716247 -12.362390 0.147539 0.989055 -0.001300 89.125534 0.708543 -0.104777 0.697846 1.611579 0.000000 0.000000 0.000000 1.000000
0.702955 -0.112540 -0.702274 -12.220491 0.134433 0.990627 -0.024185 89.399452 0.698414 -0.077408 0.711496 1.099618 0.000000 0.000000 0.000000 1.000000
0.712423 -0.123216 -0.690848 -12.370940 0.130777 0.990530 -0.041805 89.690910 0.689457 -0.060564 0.721790 1.029344 0.000000 0.000000 0.000000 1.000000
0.716788 -0.134075 -0.684280 -12.636669 0.134243 0.989516 -0.053261 89.966599 0.684247 -0.053683 0.727272 1.261677 0.000000 0.000000 0.000000 1.000000
0.714075 -0.142686 -0.685374 -12.847762 0.142524 0.988136 -0.057224 90.206375 0.685407 -0.056820 0.725939 1.652773 0.000000 0.000000 0.000000 1.000000
0.702141 -0.146603 -0.696782 -12.915340 0.154311 0.986648 -0.052093 90.397789 0.695116 -0.070944 0.715389 2.136682 0.000000 0.000000 0.000000 1.000000
0.679694 -0.144831 -0.719055 -12.855951 0.170619 0.984640 -0.037045 90.569344 0.713376 -0.097505 0.693965 2.728092 0.000000 0.000000 0.000000 1.000000
0.647656 -0.138799 -0.749184 -12.746795 0.194800 0.980753 -0.013299 90.779083 0.736610 -0.137328 0.662228 3.456859 0.000000 0.000000 0.000000 1.000000
0.609231 -0.131442 -0.782024 -12.680410 0.230253 0.973002 0.015835 91.094307 0.758829 -0.189710 0.623048 4.352894 0.000000 0.000000 0.000000 1.000000
0.568357 -0.125059 -0.813222 -12.753733 0.277239 0.959691 0.046178 91.582161 0.774667 -0.251702 0.580118 5.470647 0.000000 0.000000 0.000000 1.000000
0.528864 -0.120676 -0.840084 -13.038827 0.332123 0.940328 0.074007 92.325905 0.781023 -0.318150 0.537385 6.834542 0.000000 0.000000 0.000000 1.000000
0.495603 -0.119060 -0.860350 -13.507341 0.389151 0.916010 0.097407 93.439278 0.776492 -0.383081 0.500310 8.312833 0.000000 0.000000 0.000000 1.000000
0.472878 -0.120574 -0.872839 -13.978115 0.441986 0.889413 0.116591 95.023651 0.762256 -0.440916 0.473876 9.574458 0.000000 0.000000 0.000000 1.000000
0.456245 -0.123571 -0.881232 -14.130440 0.484687 0.865027 0.129641 97.016762 0.746270 -0.486270 0.454558 10.194780 0.000000 0.000000 0.000000 1.000000
0.427659 -0.124274 -0.895357 -13.630378 0.513750 0.848393 0.127633 98.979385 0.743753 -0.514573 0.426669 9.877062 0.000000 0.000000 0.000000 1.000000
0.372777 -0.117824 -0.920410 -12.410315 0.524502 0.845002 0.104259 100.569527 0.765464 -0.521622 0.376796 8.770883 0.000000 0.000000 0.000000 1.000000
0.301535 -0.107647 -0.947359 -10.752988 0.519273 0.851860 0.068484 101.463379 0.799645 -0.512588 0.312763 7.309583 0.000000 0.000000 0.000000 1.000000
0.253810 -0.103617 -0.961688 -9.222622 0.508340 0.860157 0.041484 101.719009 0.822904 -0.499394 0.270989 6.038378 0.000000 0.000000 0.000000 1.000000
0.260940 -0.111548 -0.958889 -8.515471 0.503192 0.863404 0.036492 101.640846 0.823838 -0.492027 0.281427 5.639767 0.000000 0.000000 0.000000 1.000000
0.311608 -0.126822 -0.941709 -8.583412 0.500497 0.864339 0.049210 101.274994 0.807715 -0.486657 0.332809 6.058573 0.000000 0.000000 0.000000 1.000000
0.366795 -0.139907 -0.919721 -8.851641 0.487918 0.870675 0.062140 100.469398 0.792085 -0.471541 0.387622 6.702757 0.000000 0.000000 0.000000 1.000000
0.402218 -0.145674 -0.903881 -8.912506 0.459949 0.885784 0.061915 99.245117 0.791624 -0.440642 0.423281 7.113423 0.000000 0.000000 0.000000 1.000000
0.423216 -0.145599 -0.894253 -8.574761 0.419195 0.906474 0.050801 97.784248 0.803221 -0.396366 0.444669 6.966190 0.000000 0.000000 0.000000 1.000000
0.444192 -0.143557 -0.884356 -7.886982 0.373526 0.926875 0.037155 96.222878 0.814353 -0.346834 0.465333 6.218131 0.000000 0.000000 0.000000 1.000000
0.471832 -0.139751 -0.870543 -7.021968 0.326589 0.944827 0.025334 94.821129 0.818972 -0.296263 0.491440 5.109428 0.000000 0.000000 0.000000 1.000000
0.504528 -0.132910 -0.853104 -6.141679 0.279566 0.959997 0.015772 93.694832 0.816881 -0.246456 0.521503 3.890033 0.000000 0.000000 0.000000 1.000000
0.542541 -0.122588 -0.831036 -5.356826 0.233130 0.972406 0.008756 92.911613 0.807031 -0.198490 0.556150 2.721082 0.000000 0.000000 0.000000 1.000000
0.590880 -0.110616 -0.799140 -4.720517 0.189453 0.981881 0.004170 92.480774 0.784199 -0.153863 0.601131 1.720200 0.000000 0.000000 0.000000 1.000000
0.653955 -0.100398 -0.749842 -4.215648 0.151572 0.988446 -0.000156 92.321701 0.741194 -0.113553 0.661617 0.982851 0.000000 0.000000 0.000000 1.000000
0.729751 -0.094132 -0.677202 -3.774000 0.121268 0.992593 -0.007294 92.305122 0.672872 -0.076800 0.735761 0.533214 0.000000 0.000000 0.000000 1.000000
0.809285 -0.090318 -0.580431 -3.325593 0.097834 0.995032 -0.018423 92.315308 0.579212 -0.041876 0.814101 0.306730 0.000000 0.000000 0.000000 1.000000
0.881427 -0.084532 -0.464694 -2.809617 0.078764 0.996384 -0.031854 92.272675 0.465706 -0.008524 0.884898 0.205446 0.000000 0.000000 0.000000 1.000000
0.938215 -0.073383 -0.338184 -2.146358 0.061973 0.997088 -0.044429 92.132263 0.340459 0.020726 0.940031 0.155424 0.000000 0.000000 0.000000 1.000000
0.976481 -0.057098 -0.207904 -1.261690 0.046821 0.997441 -0.054029 91.858978 0.210457 0.043024 0.976656 0.139599 0.000000 0.000000 0.000000 1.000000
0.996248 -0.037727 -0.077889 -0.121429 0.033063 0.997631 -0.060321 91.382576 0.079980 0.057519 0.995136 0.165006 0.000000 0.000000 0.000000 1.000000</float_array>
        <technique_common>
          <accessor source="#mixamorig_Hips-Matrix-animation-output-transform-array" count="111" stride="16">
            <param type="float4x4"/>
          </accessor>
        </technique_common>
      </source>
      <source id="mixamorig_Hips-Interpolations">
        <Name_array id="mixamorig_Hips-Interpolations-array" count="111">
 LINEAR LINEAR LINEAR LINEAR LINEAR LINEAR LINEAR LINEAR LINEAR LINEAR LINEAR
LINEAR LINEAR LINEAR LINEAR LINEAR LINEAR LINEAR LINEAR LINEAR LINEAR LINEAR LINEAR
LINEAR LINEAR LINEAR LINEAR LINEAR LINEAR LINEAR LINEAR LINEAR LINEAR LINEAR LINEAR
LINEAR LINEAR LINEAR LINEAR LINEAR LINEAR LINEAR LINEAR LINEAR LINEAR LINEAR LINEAR
LINEAR LINEAR LINEAR LINEAR LINEAR LINEAR LINEAR LINEAR LINEAR LINEAR LINEAR LINEAR
LINEAR LINEAR LINEAR LINEAR LINEAR LINEAR LINEAR LINEAR LINEAR LINEAR LINEAR LINEAR
LINEAR LINEAR LINEAR LINEAR LINEAR LINEAR LINEAR LINEAR LINEAR LINEAR LINEAR LINEAR
LINEAR LINEAR LINEAR LINEAR LINEAR LINEAR LINEAR LINEAR LINEAR LINEAR LINEAR LINEAR
LINEAR LINEAR LINEAR LINEAR LINEAR LINEAR LINEAR LINEAR LINEAR LINEAR LINEAR LINEAR
LINEAR LINEAR LINEAR LINEAR</Name_array>
        <technique_common>
          <accessor source="#mixamorig_Hips-Interpolations-array" count="111">
            <param type="name"/>
          </accessor>
        </technique_common>
      </source>
      <sampler id="mixamorig_Hips-Matrix-animation-transform">
        <input semantic="INPUT" source="#mixamorig_Hips-Matrix-animation-input"/>
        <input semantic="OUTPUT" source="#mixamorig_Hips-Matrix-animation-output-transform"/>
        <input semantic="INTERPOLATION" source="#mixamorig_Hips-Interpolations"/>
      </sampler>
      <channel source="#mixamorig_Hips-Matrix-animation-transform" target="mixamorig_Hips/matrix"/>
    </animation>
    <animation id="mixamorig_Spine-anim" name="mixamorig_Spine">
      <source id="mixamorig_Spine-Matrix-animation-input">
        <float_array id="mixamorig_Spine-Matrix-animation-input-array" count="111">

0.000000 0.033333 0.066667 0.100000 0.133333 0.166667 0.200000 0.233333 0.266667 0.300000 0.333333 0.366667 0.400000 0.433333 0.466667 0.500000
0.533333 0.566667 0.600000 0.633333 0.666667 0.700000 0.733333 0.766667 0.800000 0.833333 0.866667 0.900000 0.933333 0.966667 1.000000 1.033333
1.066667 1.100000 1.133333 1.166667 1.200000 1.233333 1.266667 1.300000 1.333333 1.366667 1.400000 1.433333 1.466667 1.500000 1.533333 1.566667
1.600000 1.633333 1.666667 1.700000 1.733333 1.766667 1.800000 1.833333 1.866667 1.900000 1.933333 1.966667 2.000000 2.033333 2.066667 2.100000
2.133333 2.166667 2.200000 2.233333 2.266667 2.300000 2.333333 2.366667 2.400000 2.433333 2.466667 2.500000 2.533333 2.566667 2.600000 2.633333
2.666667 2.700000 2.733333 2.766667 2.800000 2.833333 2.866667 2.900000 2.933333 2.966667 3.000000 3.033333 3.066667 3.100000 3.133333 3.166667
3.200000 3.233333 3.266667 3.300000 3.333333 3.366667 3.400000 3.433333 3.466667 3.500000 3.533333 3.566667 3.600000 3.633333 3.666667</float_array>
        <technique_common>
          <accessor source="#mixamorig_Spine-Matrix-animation-input-array" count="111">
            <param name="TIME" type="float"/>
          </accessor>
        </technique_common>
      </source>
      <source id="mixamorig_Spine-Matrix-animation-output-transform">
        <float_array id="mixamorig_Spine-Matrix-animation-output-transform-array" count="1776">

0.994594 0.094545 0.042945 -0.002400 -0.095051 0.995423 0.009894 12.777500 -0.041813 -0.013923 0.999028 0.315300 0.000000 0.000000 0.000000 1.000000
0.994208 0.102169 0.033358 -0.002400 -0.102510 0.994694 0.008684 12.777500 -0.032294 -0.012054 0.999406 0.315300 0.000000 0.000000 0.000000 1.000000
0.993132 0.114649 0.023314 -0.002400 -0.114821 0.993367 0.006134 12.777500 -0.022456 -0.008769 0.999709 0.315300 0.000000 0.000000 0.000000 1.000000
0.991359 0.130551 0.012784 -0.002400 -0.130592 0.991433 0.002473 12.777500 -0.012351 -0.004122 0.999915 0.315300 0.000000 0.000000 0.000000 1.000000
0.989387 0.145293 0.001607 -0.002400 -0.145290 0.989387 -0.001941 12.777500 -0.001872 0.001687 0.999997 0.315300 0.000000 0.000000 0.000000 1.000000
0.988251 0.152461 -0.010714 -0.002400 -0.152538 0.988274 -0.006789 12.777500 0.009554 0.008344 0.999920 0.315300 0.000000 0.000000 0.000000 1.000000
0.988263 0.150757 -0.024653 -0.002400 -0.151079 0.988452 -0.011725 12.777500 0.022601 0.015312 0.999627 0.315300 0.000000 0.000000 0.000000 1.000000
0.988899 0.143020 -0.040294 -0.002400 -0.143763 0.989480 -0.016165 12.777500 0.037558 0.021779 0.999057 0.315300 0.000000 0.000000 0.000000 1.000000
0.989391 0.133653 -0.056949 -0.002400 -0.134951 0.990659 -0.019569 12.777500 0.053802 0.027047 0.998185 0.315300 0.000000 0.000000 0.000000 1.000000
0.989426 0.125098 -0.073395 -0.002400 -0.127009 0.991659 -0.021950 12.777500 0.070037 0.031039 0.997061 0.315300 0.000000 0.000000 0.000000 1.000000
0.989128 0.117590 -0.088306 -0.002400 -0.120123 0.992471 -0.023919 12.777500 0.084829 0.034267 0.995806 0.315300 0.000000 0.000000 0.000000 1.000000
0.988684 0.111578 -0.100275 -0.002400 -0.114710 0.993058 -0.026022 12.777500 0.096675 0.037230 0.994619 0.315300 0.000000 0.000000 0.000000 1.000000
0.988178 0.109035 -0.107773 -0.002400 -0.112653 0.993238 -0.028049 12.777500 0.103986 0.039858 0.993780 0.315300 0.000000 0.000000 0.000000 1.000000
0.987638 0.112024 -0.109645 -0.002400 -0.115851 0.992838 -0.029161 12.777500 0.105593 0.041503 0.993543 0.315300 0.000000 0.000000 0.000000 1.000000
0.987050 0.120578 -0.105799 -0.002400 -0.124231 0.991840 -0.028623 12.777500 0.101485 0.041396 0.993975 0.315300 0.000000 0.000000 0.000000 1.000000
0.986376 0.132701 -0.097224 -0.002400 -0.135828 0.990384 -0.026259 12.777500 0.092804 0.039107 0.994916 0.315300 0.000000 0.000000 0.000000 1.000000
0.985584 0.146108 -0.085299 -0.002400 -0.148501 0.988659 -0.022382 12.777500 0.081062 0.034726 0.996104 0.315300 0.000000 0.000000 0.000000 1.000000
0.984601 0.159650 -0.071228 -0.002400 -0.161269 0.986754 -0.017557 12.777500 0.067481 0.028773 0.997306 0.315300 0.000000 0.000000 0.000000 1.000000
0.983397 0.172636 -0.055916 -0.002400 -0.173581 0.984741 -0.012469 12.777500 0.052910 0.021968 0.998358 0.315300 0.000000 0.000000 0.000000 1.000000
0.982122 0.183913 -0.040162 -0.002400 -0.184361 0.982828 -0.007722 12.777500 0.038052 0.014988 0.999163 0.315300 0.000000 0.000000 0.000000 1.000000
0.981120 0.191808 -0.024750 -0.002400 -0.191954 0.981397 -0.003653 12.777500 0.023589 0.008335 0.999687 0.315300 0.000000 0.000000 0.000000 1.000000
0.980789 0.194787 -0.010512 -0.002400 -0.194801 0.980843 -0.000275 12.777500 0.010257 0.002317 0.999945 0.315300 0.000000 0.000000 0.000000 1.000000
0.981315 0.192402 0.001672 -0.002400 -0.192406 0.981312 0.002706 12.777500 -0.001120 -0.002977 0.999995 0.315300 0.000000 0.000000 0.000000 1.000000
0.982560 0.185616 0.011075 -0.002400 -0.185687 0.982592 0.005774 12.777500 -0.009810 -0.007730 0.999922 0.315300 0.000000 0.000000 0.000000 1.000000
0.984210 0.176139 0.017466 -0.002400 -0.176318 0.984289 0.009308 12.777500 -0.015553 -0.012241 0.999804 0.315300 0.000000 0.000000 0.000000 1.000000
0.985959 0.165609 0.021398 -0.002400 -0.165910 0.986053 0.013137 12.777500 -0.018924 -0.016503 0.999685 0.315300 0.000000 0.000000 0.000000 1.000000
0.987383 0.156513 0.024037 -0.002400 -0.156925 0.987476 0.016312 12.777500 -0.021183 -0.019878 0.999578 0.315300 0.000000 0.000000 0.000000 1.000000
0.988236 0.150702 0.026049 -0.002400 -0.151180 0.988352 0.017488 12.777500 -0.023110 -0.021220 0.999508 0.315300 0.000000 0.000000 0.000000 1.000000
0.988663 0.147807 0.026447 -0.002400 -0.148250 0.988826 0.015659 12.777500 -0.023837 -0.019402 0.999528 0.315300 0.000000 0.000000 0.000000 1.000000
0.989125 0.145199 0.023451 -0.002400 -0.145476 0.989305 0.010568 12.777500 -0.021666 -0.013865 0.999669 0.315300 0.000000 0.000000 0.000000 1.000000
0.990110 0.139280 0.016820 -0.002400 -0.139341 0.990241 0.002463 12.777500 -0.016313 -0.004783 0.999855 0.315300 0.000000 0.000000 0.000000 1.000000
0.991886 0.126839 0.008588 -0.002400 -0.126768 0.991897 -0.008365 12.777500 -0.009580 0.007208 0.999928 0.315300 0.000000 0.000000 0.000000 1.000000
0.994206 0.107485 0.001099 -0.002400 -0.107437 0.993978 -0.021581 12.777500 -0.003412 0.021338 0.999767 0.315300 0.000000 0.000000 0.000000 1.000000
0.996431 0.084182 -0.006140 -0.002400 -0.084351 0.995769 -0.036444 12.777500 0.003046 0.036832 0.999317 0.315300 0.000000 0.000000 0.000000 1.000000
0.997957 0.061383 -0.017737 -0.002400 -0.062228 0.996714 -0.051848 12.777500 0.014496 0.052846 0.998497 0.315300 0.000000 0.000000 0.000000 1.000000
0.998419 0.040546 -0.038940 -0.002400 -0.043084 0.996841 -0.066725 12.777500 0.036112 0.068297 0.997011 0.315300 0.000000 0.000000 0.000000 1.000000
0.997379 0.018523 -0.069941 -0.002400 -0.024143 0.996471 -0.080391 12.777500 0.068205 0.081868 0.994307 0.315300 0.000000 0.000000 0.000000 1.000000
0.994682 -0.003291 -0.102942 -0.002400 -0.006249 0.995720 -0.092215 12.777500 0.102805 0.092368 0.990404 0.315300 0.000000 0.000000 0.000000 1.000000
0.991623 -0.021466 -0.127369 -0.002400 0.008549 0.994839 -0.101110 12.777500 0.128882 0.099174 0.986688 0.315300 0.000000 0.000000 0.000000 1.000000
0.989680 -0.032949 -0.139455 -0.002400 0.018192 0.994221 -0.105804 12.777500 0.142135 0.102175 0.984560 0.315300 0.000000 0.000000 0.000000 1.000000
0.989176 -0.037134 -0.141954 -0.002400 0.022143 0.994145 -0.105764 12.777500 0.145050 0.101476 0.984207 0.315300 0.000000 0.000000 0.000000 1.000000
0.988906 -0.036198 -0.144062 -0.002400 0.021615 0.994597 -0.101537 12.777500 0.146959 0.097296 0.984346 0.315300 0.000000 0.000000 0.000000 1.000000
0.989555 -0.026783 -0.141644 -0.002400 0.013557 0.995524 -0.093534 12.777500 0.143515 0.090637 0.985489 0.315300 0.000000 0.000000 0.000000 1.000000
0.991771 -0.008104 -0.127767 -0.002400 -0.002529 0.996560 -0.082841 12.777500 0.127998 0.082483 0.988338 0.315300 0.000000 0.000000 0.000000 1.000000
0.994879 0.014660 -0.100004 -0.002400 -0.021878 0.997203 -0.071463 12.777500 0.098677 0.073285 0.992417 0.315300 0.000000 0.000000 0.000000 1.000000
0.997233 0.035240 -0.065457 -0.002400 -0.039248 0.997366 -0.060993 12.777500 0.063135 0.063394 0.995990 0.315300 0.000000 0.000000 0.000000 1.000000
0.998009 0.052402 -0.035114 -0.002400 -0.054178 0.997193 -0.051679 12.777500 0.032308 0.053478 0.998046 0.315300 0.000000 0.000000 0.000000 1.000000
0.997458 0.069269 -0.016696 -0.002400 -0.069933 0.996619 -0.043133 12.777500 0.013652 0.044191 0.998930 0.315300 0.000000 0.000000 0.000000 1.000000
0.996036 0.088405 -0.009889 -0.002400 -0.088699 0.995445 -0.034939 12.777500 0.006755 0.035678 0.999341 0.315300 0.000000 0.000000 0.000000 1.000000
0.994079 0.108360 -0.008091 -0.002400 -0.108540 0.993731 -0.026777 12.777500 0.005138 0.027496 0.999609 0.315300 0.000000 0.000000 0.000000 1.000000
0.992193 0.124638 -0.004408 -0.002400 -0.124699 0.992021 -0.018587 12.777500 0.002056 0.018991 0.999818 0.315300 0.000000 0.000000 0.000000 1.000000
0.991130 0.132831 0.004050 -0.002400 -0.132783 0.991090 -0.010486 12.777500 -0.005407 0.009855 0.999937 0.315300 0.000000 0.000000 0.000000 1.000000
0.991149 0.131807 0.015806 -0.002400 -0.131782 0.991275 -0.002635 12.777500 -0.016016 0.000529 0.999872 0.315300 0.000000 0.000000 0.000000 1.000000
0.991811 0.124648 0.027829 -0.002400 -0.124821 0.992169 0.004547 12.777500 -0.027044 -0.007983 0.999602 0.315300 0.000000 0.000000 0.000000 1.000000
0.992484 0.116288 0.038112 -0.002400 -0.116758 0.993107 0.010335 12.777500 -0.036647 -0.014707 0.999220 0.315300 0.000000 0.000000 0.000000 1.000000
0.992858 0.109969 0.046252 -0.002400 -0.110726 0.993751 0.014108 12.777500 -0.044412 -0.019128 0.998830 0.315300 0.000000 0.000000 0.000000 1.000000
0.993156 0.104156 0.052846 -0.002400 -0.105119 0.994335 0.015774 12.777500 -0.050904 -0.021221 0.998478 0.315300 0.000000 0.000000 0.000000 1.000000
0.993970 0.092563 0.058782 -0.002400 -0.093641 0.995480 0.015868 12.777500 -0.057048 -0.021277 0.998145 0.315300 0.000000 0.000000 0.000000 1.000000
0.995357 0.070766 0.065246 -0.002400 -0.071902 0.997295 0.015233 12.777500 -0.063992 -0.019854 0.997753 0.315300 0.000000 0.000000 0.000000 1.000000
0.996276 0.044622 0.073773 -0.002400 -0.045807 0.998846 0.014452 12.777500 -0.073042 -0.017778 0.997170 0.315300 0.000000 0.000000 0.000000 1.000000
0.996023 0.026298 0.085129 -0.002400 -0.027553 0.999528 0.013610 12.777500 -0.084731 -0.015902 0.996277 0.315300 0.000000 0.000000 0.000000 1.000000
0.994832 0.023419 0.098799 -0.002400 -0.024761 0.999617 0.012373 12.777500 -0.098472 -0.014755 0.995030 0.315300 0.000000 0.000000 0.000000 1.000000
0.992843 0.036155 0.113822 -0.002400 -0.037553 0.999243 0.010158 12.777500 -0.113369 -0.014360 0.993449 0.315300 0.000000 0.000000 0.000000 1.000000
0.989868 0.057955 0.129626 -0.002400 -0.059326 0.998216 0.006730 12.777500 -0.129005 -0.014352 0.991540 0.315300 0.000000 0.000000 0.000000 1.000000
0.985953 0.081485 0.145797 -0.002400 -0.082695 0.996572 0.002249 12.777500 -0.145114 -0.014274 0.989312 0.315300 0.000000 0.000000 0.000000 1.000000
0.981593 0.102525 0.161130 -0.002400 -0.103412 0.994634 -0.002895 12.777500 -0.160563 -0.013821 0.986929 0.315300 0.000000 0.000000 0.000000 1.000000
0.977589 0.119367 0.173411 -0.002400 -0.119808 0.992765 -0.007959 12.777500 -0.173106 -0.012996 0.984817 0.315300 0.000000 0.000000 0.000000 1.000000
0.974876 0.130840 0.180270 -0.002400 -0.130860 0.991330 -0.011832 12.777500 -0.180255 -0.012056 0.983546 0.315300 0.000000 0.000000 0.000000 1.000000
0.974121 0.136335 0.180282 -0.002400 -0.136124 0.990598 -0.013602 12.777500 -0.180442 -0.011291 0.983521 0.315300 0.000000 0.000000 0.000000 1.000000
0.975331 0.136539 0.173454 -0.002400 -0.136332 0.990576 -0.013168 12.777500 -0.173618 -0.010804 0.984754 0.315300 0.000000 0.000000 0.000000 1.000000
0.977935 0.132720 0.161333 -0.002400 -0.132673 0.991098 -0.011116 12.777500 -0.161372 -0.010534 0.986837 0.315300 0.000000 0.000000 0.000000 1.000000
0.981203 0.125490 0.146608 -0.002400 -0.125654 0.992040 -0.008178 12.777500 -0.146467 -0.010398 0.989161 0.315300 0.000000 0.000000 0.000000 1.000000
0.984564 0.114814 0.132104 -0.002400 -0.115178 0.993333 -0.004904 12.777500 -0.131786 -0.010387 0.991224 0.315300 0.000000 0.000000 0.000000 1.000000
0.987689 0.100905 0.119538 -0.002400 -0.101451 0.994839 -0.001530 12.777500 -0.119075 -0.010616 0.992828 0.315300 0.000000 0.000000 0.000000 1.000000
0.990418 0.085525 0.108432 -0.002400 -0.086248 0.996272 0.001986 12.777500 -0.107858 -0.011319 0.994102 0.315300 0.000000 0.000000 0.000000 1.000000
0.992635 0.072504 0.097051 -0.002400 -0.073413 0.997285 0.005820 12.777500 -0.096366 -0.012902 0.995262 0.315300 0.000000 0.000000 0.000000 1.000000
0.994216 0.066029 0.084699 -0.002400 -0.067130 0.997692 0.010213 12.777500 -0.083829 -0.015840 0.996354 0.315300 0.000000 0.000000 0.000000 1.000000
0.995073 0.067760 0.072380 -0.002400 -0.069041 0.997496 0.015335 12.777500 -0.071160 -0.020256 0.997259 0.315300 0.000000 0.000000 0.000000 1.000000
0.995218 0.075791 0.061617 -0.002400 -0.077206 0.996796 0.020909 12.777500 -0.059835 -0.025566 0.997881 0.315300 0.000000 0.000000 0.000000 1.000000
0.994862 0.086011 0.053400 -0.002400 -0.087493 0.995825 0.026047 12.777500 -0.050937 -0.030585 0.998233 0.315300 0.000000 0.000000 0.000000 1.000000
0.994383 0.094170 0.048309 -0.002400 -0.095664 0.994973 0.029619 12.777500 -0.045277 -0.034074 0.998393 0.315300 0.000000 0.000000 0.000000 1.000000
0.994099 0.097726 0.047088 -0.002400 -0.099230 0.994590 0.030735 12.777500 -0.043829 -0.035226 0.998418 0.315300 0.000000 0.000000 0.000000 1.000000
0.993994 0.097166 0.050346 -0.002400 -0.098700 0.994697 0.028920 12.777500 -0.047269 -0.033716 0.998313 0.315300 0.000000 0.000000 0.000000 1.000000
0.993724 0.095810 0.057725 -0.002400 -0.097326 0.994962 0.024039 12.777500 -0.055131 -0.029506 0.998043 0.315300 0.000000 0.000000 0.000000 1.000000
0.992809 0.098243 0.068394 -0.002400 -0.099567 0.994899 0.016208 12.777500 -0.066453 -0.022901 0.997527 0.315300 0.000000 0.000000 0.000000 1.000000
0.990757 0.107848 0.082273 -0.002400 -0.108690 0.994059 0.005813 12.777500 -0.081158 -0.014702 0.996593 0.315300 0.000000 0.000000 0.000000 1.000000
0.987182 0.125296 0.098856 -0.002400 -0.125245 0.992103 -0.006749 12.777500 -0.098921 -0.005719 0.995079 0.315300 0.000000 0.000000 0.000000 1.000000
0.982258 0.149002 0.113875 -0.002400 -0.147512 0.988828 -0.021448 12.777500 -0.115798 0.004269 0.993264 0.315300 0.000000 0.000000 0.000000 1.000000
0.976913 0.176041 0.121039 -0.002400 -0.172655 0.984249 -0.037992 12.777500 -0.125821 0.016217 0.991920 0.315300 0.000000 0.000000 0.000000 1.000000
0.971556 0.202382 0.122966 -0.002400 -0.196945 0.978871 -0.054996 12.777500 -0.131498 0.029214 0.990886 0.315300 0.000000 0.000000 0.000000 1.000000
0.964801 0.223658 0.138334 -0.002400 -0.215569 0.973895 -0.071117 12.777500 -0.150629 0.038793 0.987829 0.315300 0.000000 0.000000 0.000000 1.000000
0.955105 0.232758 0.183296 -0.002400 -0.220481 0.971679 -0.085022 12.777500 -0.197894 0.040791 0.979374 0.315300 0.000000 0.000000 0.000000 1.000000
0.941050 0.231974 0.246197 -0.002400 -0.214942 0.972061 -0.094322 12.777500 -0.261198 0.035843 0.964619 0.315300 0.000000 0.000000 0.000000 1.000000
0.930190 0.230576 0.285625 -0.002400 -0.210992 0.972564 -0.097986 12.777500 -0.300382 0.030881 0.953319 0.315300 0.000000 0.000000 0.000000 1.000000
0.932864 0.235868 0.272272 -0.002400 -0.217087 0.971260 -0.097611 12.777500 -0.287470 0.031951 0.957257 0.315300 0.000000 0.000000 0.000000 1.000000
0.945081 0.242388 0.219248 -0.002400 -0.227278 0.969466 -0.092091 12.777500 -0.234876 0.037203 0.971313 0.315300 0.000000 0.000000 0.000000 1.000000
0.956617 0.238554 0.167258 -0.002400 -0.227776 0.970322 -0.081195 12.777500 -0.181664 0.039575 0.982564 0.315300 0.000000 0.000000 0.000000 1.000000
0.965021 0.220327 0.142094 -0.002400 -0.212572 0.974789 -0.067820 12.777500 -0.153454 0.035242 0.987527 0.315300 0.000000 0.000000 0.000000 1.000000
0.971691 0.192938 0.136349 -0.002400 -0.187198 0.980844 -0.053861 12.777500 -0.144129 0.026812 0.989196 0.315300 0.000000 0.000000 0.000000 1.000000
0.977236 0.166294 0.131742 -0.002400 -0.162215 0.985895 -0.041191 12.777500 -0.136734 0.018883 0.990428 0.315300 0.000000 0.000000 0.000000 1.000000
0.982136 0.143876 0.121283 -0.002400 -0.141103 0.989503 -0.031191 12.777500 -0.124497 0.013520 0.992128 0.315300 0.000000 0.000000 0.000000 1.000000
0.985928 0.126046 0.109807 -0.002400 -0.124169 0.991976 -0.023794 12.777500 -0.111925 0.009825 0.993668 0.315300 0.000000 0.000000 0.000000 1.000000
0.988442 0.112296 0.101839 -0.002400 -0.111024 0.993653 -0.018091 12.777500 -0.103224 0.006575 0.994636 0.315300 0.000000 0.000000 0.000000 1.000000
0.990028 0.102592 0.096534 -0.002400 -0.101769 0.994717 -0.013425 12.777500 -0.097402 0.003467 0.995239 0.315300 0.000000 0.000000 0.000000 1.000000
0.991122 0.096863 0.091074 -0.002400 -0.096406 0.995298 -0.009414 12.777500 -0.091557 0.000551 0.995800 0.315300 0.000000 0.000000 0.000000 1.000000
0.991984 0.094175 0.084248 -0.002400 -0.094039 0.995553 -0.005593 12.777500 -0.084400 -0.002375 0.996429 0.315300 0.000000 0.000000 0.000000 1.000000
0.992727 0.092918 0.076546 -0.002400 -0.093073 0.995658 -0.001546 12.777500 -0.076358 -0.005589 0.997065 0.315300 0.000000 0.000000 0.000000 1.000000
0.993406 0.091843 0.068627 -0.002400 -0.092242 0.995733 0.002656 12.777500 -0.068090 -0.008968 0.997639 0.315300 0.000000 0.000000 0.000000 1.000000
0.993996 0.091174 0.060496 -0.002400 -0.091723 0.995764 0.006357 12.777500 -0.059660 -0.011868 0.998148 0.315300 0.000000 0.000000 0.000000 1.000000
0.994406 0.091966 0.051960 -0.002400 -0.092545 0.995669 0.008859 12.777500 -0.050920 -0.013618 0.998610 0.315300 0.000000 0.000000 0.000000 1.000000
0.994594 0.094542 0.042948 -0.002400 -0.095048 0.995424 0.009896 12.777500 -0.041816 -0.013924 0.999028 0.315300 0.000000 0.000000 0.000000 1.000000</float_array>
        <technique_common>
          <accessor source="#mixamorig_Spine-Matrix-animation-output-transform-array" count="111" stride="16">
            <param type="float4x4"/>
          </accessor>
        </technique_common>
      </source>
      <source id="mixamorig_Spine-Interpolations">
        <Name_array id="mixamorig_Spine-Interpolations-array" count="111">
 LINEAR LINEAR LINEAR LINEAR LINEAR LINEAR LINEAR LINEAR LINEAR LINEAR LINEAR
LINEAR LINEAR LINEAR LINEAR LINEAR LINEAR LINEAR LINEAR LINEAR LINEAR LINEAR LINEAR
LINEAR LINEAR LINEAR LINEAR LINEAR LINEAR LINEAR LINEAR LINEAR LINEAR LINEAR LINEAR
LINEAR LINEAR LINEAR LINEAR LINEAR LINEAR LINEAR LINEAR LINEAR LINEAR LINEAR LINEAR
LINEAR LINEAR LINEAR LINEAR LINEAR LINEAR LINEAR LINEAR LINEAR LINEAR LINEAR LINEAR
LINEAR LINEAR LINEAR LINEAR LINEAR LINEAR LINEAR LINEAR LINEAR LINEAR LINEAR LINEAR
LINEAR LINEAR LINEAR LINEAR LINEAR LINEAR LINEAR LINEAR LINEAR LINEAR LINEAR LINEAR
LINEAR LINEAR LINEAR LINEAR LINEAR LINEAR LINEAR LINEAR LINEAR LINEAR LINEAR LINEAR
LINEAR LINEAR LINEAR LINEAR LINEAR LINEAR LINEAR LINEAR LINEAR LINEAR LINEAR LINEAR
LINEAR LINEAR LINEAR LINEAR</Name_array>
        <technique_common>
          <accessor source="#mixamorig_Spine-Interpolations-array" count="111">
            <param type="name"/>
          </accessor>
