<?xml version="1.0" encoding="utf-8"?>
<COLLADA xmlns="http://www.collada.org/2005/11/COLLADASchema" version="1.4.1">
  <asset>
    <contributor>
      <author>Mixamo</author>
      <authoring_tool>COLLADA Mixamo exporter</authoring_tool>
      <comments/>
    </contributor>
    <created>2024-10-12T09:03:02Z</created>
    <modified>2024-10-12T09:03:02Z</modified>
    <revision/>
    <title/>
    <unit meter="0.010000"/>
    <up_axis>Y_UP</up_axis>
  </asset>
  <library_animations>
    <animation id="mixamorig_Hips-anim" name="mixamorig_Hips">
      <source id="mixamorig_Hips-Matrix-animation-input">
        <float_array id="mixamorig_Hips-Matrix-animation-input-array" count="133">

0.000000 0.033333 0.066667 0.100000 0.133333 0.166667 0.200000 0.233333 0.266667 0.300000 0.333333 0.366667 0.400000 0.433333 0.466667 0.500000
0.533333 0.566667 0.600000 0.633333 0.666667 0.700000 0.733333 0.766667 0.800000 0.833333 0.866667 0.900000 0.933333 0.966667 1.000000 1.033333
1.066667 1.100000 1.133333 1.166667 1.200000 1.233333 1.266667 1.300000 1.333333 1.366667 1.400000 1.433333 1.466667 1.500000 1.533333 1.566667
1.600000 1.633333 1.666667 1.700000 1.733333 1.766667 1.800000 1.833333 1.866667 1.900000 1.933333 1.966667 2.000000 2.033333 2.066667 2.100000
2.133333 2.166667 2.200000 2.233333 2.266667 2.300000 2.333333 2.366667 2.400000 2.433333 2.466667 2.500000 2.533333 2.566667 2.600000 2.633333
2.666667 2.700000 2.733333 2.766667 2.800000 2.833333 2.866667 2.900000 2.933333 2.966667 3.000000 3.033333 3.066667 3.100000 3.133333 3.166667
3.200000 3.233333 3.266667 3.300000 3.333333 3.366667 3.400000 3.433333 3.466667 3.500000 3.533333 3.566667 3.600000 3.633333 3.666667 3.700000
3.733333 3.766667 3.800000 3.833333 3.866667 3.900000 3.933333 3.966667 4.000000 4.033333 4.066667 4.100000 4.133333 4.166667 4.200000 4.233333
4.266667 4.300000 4.333333 4.366667 4.400000</float_array>
        <technique_common>
          <accessor source="#mixamorig_Hips-Matrix-animation-input-array" count="133">
            <param name="TIME" type="float"/>
          </accessor>
        </technique_common>
      </source>
      <source id="mixamorig_Hips-Matrix-animation-output-transform">
        <float_array id="mixamorig_Hips-Matrix-animation-output-transform-array" count="2128">

0.983405 -0.011316 -0.181070 -0.180806 0.015271 0.999674 0.020465 99.224777 0.180779 -0.022891 0.983257 0.567572 0.000000 0.000000 0.000000 1.000000
0.983280 -0.011130 -0.181758 -0.163750 0.015256 0.999656 0.021316 99.214478 0.181459 -0.023733 0.983112 0.525443 0.000000 0.000000 0.000000 1.000000
0.983121 -0.011055 -0.182623 -0.136054 0.015338 0.999639 0.022056 99.206482 0.182313 -0.024485 0.982936 0.491518 0.000000 0.000000 0.000000 1.000000
0.983193 -0.011250 -0.182223 -0.109171 0.015655 0.999619 0.022754 99.195610 0.181898 -0.025224 0.982994 0.454064 0.000000 0.000000 0.000000 1.000000
0.983618 -0.012226 -0.179849 -0.106657 0.017155 0.999518 0.025880 99.172272 0.179446 -0.028541 0.983354 0.387630 0.000000 0.000000 0.000000 1.000000
0.984656 -0.011845 -0.174105 -0.116259 0.018039 0.999258 0.034038 99.114578 0.173572 -0.036657 0.984139 0.265132 0.000000 0.000000 0.000000 1.000000
0.986332 -0.008949 -0.164529 -0.149781 0.017174 0.998669 0.048635 98.947128 0.163875 -0.050796 0.985173 0.038185 0.000000 0.000000 0.000000 1.000000
0.988446 -0.005924 -0.151460 -0.167113 0.016599 0.997457 0.069312 98.441307 0.150665 -0.071025 0.986030 -0.378308 0.000000 0.000000 0.000000 1.000000
0.991599 -0.006404 -0.129191 -0.194239 0.019006 0.995147 0.096548 97.872955 0.127946 -0.098192 0.986908 -1.038272 0.000000 0.000000 0.000000 1.000000
0.995944 -0.008087 -0.089613 -0.295733 0.019571 0.991578 0.128021 97.512138 0.087823 -0.129256 0.987715 -1.932726 0.000000 0.000000 0.000000 1.000000
0.998842 -0.028212 -0.038982 -0.740772 0.033811 0.987896 0.151386 97.683304 0.034239 -0.152528 0.987706 -3.004681 0.000000 0.000000 0.000000 1.000000
0.997674 -0.064647 0.021617 -1.605121 0.060500 0.985881 0.156134 98.579994 -0.031406 -0.154463 0.987499 -4.081592 0.000000 0.000000 0.000000 1.000000
0.991448 -0.092002 0.092554 -2.640051 0.077732 0.986008 0.147462 99.486671 -0.104826 -0.139006 0.984728 -5.087764 0.000000 0.000000 0.000000 1.000000
0.982189 -0.103689 0.156698 -3.516368 0.081096 0.986209 0.144278 99.913254 -0.169497 -0.129001 0.977052 -6.102176 0.000000 0.000000 0.000000 1.000000
0.974556 -0.110228 0.195167 -4.238713 0.080881 0.984997 0.152441 99.984840 -0.209043 -0.132777 0.968851 -7.130228 0.000000 0.000000 0.000000 1.000000
0.971834 -0.108508 0.209200 -4.724878 0.074795 0.983815 0.162828 99.717758 -0.223483 -0.142594 0.964221 -8.133845 0.000000 0.000000 0.000000 1.000000
0.971102 -0.099246 0.217052 -4.953455 0.061635 0.982876 0.173656 99.030334 -0.230570 -0.155260 0.960589 -9.316322 0.000000 0.000000 0.000000 1.000000
0.968692 -0.089128 0.231717 -5.023273 0.046200 0.981749 0.184485 98.183998 -0.243931 -0.168004 0.955130 -10.871485 0.000000 0.000000 0.000000 1.000000
0.964463 -0.081266 0.251412 -5.004991 0.032587 0.980847 0.192037 97.339958 -0.262202 -0.177019 0.948638 -12.789408 0.000000 0.000000 0.000000 1.000000
0.959675 -0.075826 0.270691 -4.993973 0.021773 0.980091 0.197352 96.616074 -0.280266 -0.183500 0.942220 -14.952159 0.000000 0.000000 0.000000 1.000000
0.956092 -0.068863 0.284862 -5.014798 0.011160 0.979852 0.199413 96.078926 -0.292855 -0.187478 0.937597 -17.292229 0.000000 0.000000 0.000000 1.000000
0.952909 -0.061885 0.296874 -5.024144 0.001907 0.980160 0.198199 95.614975 -0.303249 -0.188300 0.934122 -19.829634 0.000000 0.000000 0.000000 1.000000
0.949178 -0.057760 0.309393 -4.946161 -0.004854 0.980214 0.197884 95.030159 -0.314701 -0.189328 0.930117 -22.804337 0.000000 0.000000 0.000000 1.000000
0.945838 -0.051947 0.320456 -4.673235 -0.012641 0.980473 0.196248 94.280426 -0.324393 -0.189670 0.926712 -26.567503 0.000000 0.000000 0.000000 1.000000
0.944491 -0.043561 0.325636 -4.223776 -0.021994 0.980563 0.194965 93.432167 -0.327799 -0.191305 0.925176 -31.273561 0.000000 0.000000 0.000000 1.000000
0.947166 -0.039337 0.318323 -3.778167 -0.024178 0.980871 0.193152 92.582260 -0.319831 -0.190643 0.928097 -36.733673 0.000000 0.000000 0.000000 1.000000
0.958670 -0.036327 0.282191 -3.156031 -0.017314 0.982529 0.185302 91.935921 -0.283992 -0.182529 0.941293 -42.566933 0.000000 0.000000 0.000000 1.000000
0.977933 -0.026729 0.207202 -2.324831 -0.009932 0.984712 0.173906 91.742905 -0.208683 -0.172126 0.962717 -47.236443 0.000000 0.000000 0.000000 1.000000
0.990306 -0.014837 0.138111 -1.718859 -0.008354 0.986118 0.165839 92.238373 -0.138655 -0.165385 0.976434 -50.608952 0.000000 0.000000 0.000000 1.000000
0.994809 -0.007144 0.101511 -1.460729 -0.010065 0.985735 0.168006 93.515907 -0.101263 -0.168156 0.980545 -53.840244 0.000000 0.000000 0.000000 1.000000
0.995613 0.006217 0.093355 -1.579912 -0.021751 0.985834 0.166310 95.018166 -0.090999 -0.167611 0.981644 -56.728695 0.000000 0.000000 0.000000 1.000000
0.995240 0.019335 0.095512 -1.857770 -0.034129 0.987202 0.155781 96.170525 -0.091278 -0.158300 0.983163 -59.275234 0.000000 0.000000 0.000000 1.000000
0.994797 0.026460 0.098379 -1.978917 -0.039582 0.990200 0.133932 97.043953 -0.093871 -0.137129 0.986095 -61.798592 0.000000 0.000000 0.000000 1.000000
0.995180 0.022625 0.095425 -2.027374 -0.031933 0.994754 0.097179 97.508034 -0.092725 -0.099758 0.990682 -64.278763 0.000000 0.000000 0.000000 1.000000
0.996769 0.016414 0.078632 -1.886669 -0.021369 0.997810 0.062595 97.762543 -0.077432 -0.064073 0.994937 -66.657249 0.000000 0.000000 0.000000 1.000000
0.998147 0.017296 0.058336 -1.574099 -0.018346 0.999678 0.017510 97.860313 -0.058015 -0.018548 0.998143 -68.847534 0.000000 0.000000 0.000000 1.000000
0.999299 0.017254 0.033219 -1.255999 -0.015971 0.999131 -0.038502 97.705978 -0.033854 0.037945 0.998706 -70.883789 0.000000 0.000000 0.000000 1.000000
0.999954 0.008591 -0.004319 -0.982078 -0.008933 0.996195 -0.086696 97.501663 0.003558 0.086730 0.996225 -72.935707 0.000000 0.000000 0.000000 1.000000
0.999046 -0.003889 -0.043501 -0.809279 -0.001699 0.991811 -0.127701 97.290443 0.043642 0.127653 0.990858 -75.042274 0.000000 0.000000 0.000000 1.000000
0.997273 -0.021169 -0.070703 -0.749887 0.009385 0.986577 -0.163025 96.887390 0.073205 0.161917 0.984085 -77.194672 0.000000 0.000000 0.000000 1.000000
0.995963 -0.043915 -0.078288 -0.843093 0.027779 0.980131 -0.196398 96.076591 0.085357 0.193431 0.977394 -79.394180 0.000000 0.000000 0.000000 1.000000
0.995160 -0.064456 -0.074179 -1.065799 0.046032 0.972661 -0.227622 94.960899 0.086822 0.223106 0.970920 -81.474327 0.000000 0.000000 0.000000 1.000000
0.994278 -0.080548 -0.070166 -1.324802 0.060156 0.964981 -0.255328 93.324219 0.088275 0.249646 0.964305 -83.463799 0.000000 0.000000 0.000000 1.000000
0.992566 -0.095035 -0.076031 -1.566493 0.071293 0.960319 -0.269639 91.156708 0.098639 0.262214 0.959955 -85.353760 0.000000 0.000000 0.000000 1.000000
0.991605 -0.095251 -0.087449 -1.778624 0.070181 0.964466 -0.254716 89.247345 0.108604 0.246441 0.963054 -86.612206 0.000000 0.000000 0.000000 1.000000
0.993477 -0.075103 -0.085804 -2.089330 0.053347 0.971164 -0.232369 87.969704 0.100781 0.226276 0.968836 -86.861160 0.000000 0.000000 0.000000 1.000000
0.994771 -0.063876 -0.079696 -2.653443 0.045946 0.976758 -0.209361 86.917198 0.091217 0.204605 0.974585 -86.222321 0.000000 0.000000 0.000000 1.000000
0.995036 -0.064540 -0.075755 -3.252147 0.051225 0.984770 -0.166142 85.501762 0.085324 0.161436 0.983188 -84.917381 0.000000 0.000000 0.000000 1.000000
0.996599 -0.057792 -0.058744 -3.726022 0.050057 0.990825 -0.125539 83.401817 0.065460 0.122172 0.990348 -83.083344 0.000000 0.000000 0.000000 1.000000
0.997887 -0.057763 -0.029744 -4.064562 0.054587 0.993657 -0.098320 80.615356 0.035234 0.096489 0.994710 -81.169266 0.000000 0.000000 0.000000 1.000000
0.998157 -0.060549 -0.004035 -4.332494 0.060048 0.995115 -0.078359 77.164764 0.008760 0.077972 0.996917 -79.436035 0.000000 0.000000 0.000000 1.000000
0.997850 -0.063260 0.017148 -4.713161 0.064031 0.996749 -0.048912 73.312302 -0.013998 0.049905 0.998656 -77.891777 0.000000 0.000000 0.000000 1.000000
0.996626 -0.073738 0.036033 -5.450222 0.074183 0.997182 -0.011172 69.413574 -0.035108 0.013807 0.999288 -76.378853 0.000000 0.000000 0.000000 1.000000
0.994500 -0.087954 0.056866 -6.386240 0.086909 0.996003 0.020607 65.380981 -0.058451 -0.015552 0.998169 -74.854561 0.000000 0.000000 0.000000 1.000000
0.990552 -0.103932 0.089472 -7.641286 0.100911 0.994183 0.037653 61.573795 -0.092865 -0.028269 0.995277 -73.251007 0.000000 0.000000 0.000000 1.000000
0.984846 -0.122297 0.122969 -9.068277 0.117813 0.992099 0.043122 57.859074 -0.127271 -0.027981 0.991473 -71.642181 0.000000 0.000000 0.000000 1.000000
0.979151 -0.140724 0.146489 -10.533099 0.135992 0.989824 0.041885 54.175522 -0.150893 -0.021091 0.988325 -69.996849 0.000000 0.000000 0.000000 1.000000
0.975330 -0.156432 0.155758 -11.984784 0.151891 0.987558 0.040719 50.708851 -0.160190 -0.016056 0.986956 -68.350815 0.000000 0.000000 0.000000 1.000000
0.974760 -0.156017 0.159693 -13.050571 0.152548 0.987717 0.033833 48.359177 -0.163010 -0.008619 0.986587 -66.401695 0.000000 0.000000 0.000000 1.000000
0.977474 -0.122445 0.171906 -13.553343 0.125474 0.992074 -0.006821 48.180538 -0.169708 0.028237 0.985090 -63.660824 0.000000 0.000000 0.000000 1.000000
0.981476 -0.105373 0.160005 -14.133951 0.119596 0.989430 -0.082005 48.838024 -0.149672 0.099622 0.983704 -60.600319 0.000000 0.000000 0.000000 1.000000
0.986274 -0.124503 0.108457 -14.679395 0.138926 0.980703 -0.137555 49.415688 -0.089238 0.150734 0.984538 -57.820312 0.000000 0.000000 0.000000 1.000000
0.988006 -0.151974 0.027365 -15.254007 0.154417 0.973046 -0.171283 49.648590 -0.000597 0.173454 0.984842 -55.351280 0.000000 0.000000 0.000000 1.000000
0.984352 -0.168570 -0.051340 -15.932611 0.154506 0.965735 -0.208526 49.231514 0.084732 0.197331 0.976668 -53.009113 0.000000 0.000000 0.000000 1.000000
0.980388 -0.168617 -0.102017 -16.472656 0.138472 0.957713 -0.252213 48.283573 0.140230 0.233140 0.962279 -50.439308 0.000000 0.000000 0.000000 1.000000
0.978044 -0.156309 -0.137834 -16.835173 0.109680 0.948457 -0.297322 47.111271 0.177203 0.275676 0.944776 -47.548878 0.000000 0.000000 0.000000 1.000000
0.973378 -0.136833 -0.183879 -17.085251 0.064668 0.933607 -0.352415 45.756447 0.219893 0.331142 0.917601 -44.140675 0.000000 0.000000 0.000000 1.000000
0.960347 -0.120947 -0.251208 -17.282921 0.004046 0.906959 -0.421199 43.949032 0.278778 0.403481 0.871485 -40.641758 0.000000 0.000000 0.000000 1.000000
0.937497 -0.111255 -0.329728 -17.355951 -0.062738 0.877955 -0.474615 41.890121 0.342290 0.465637 0.816100 -37.087975 0.000000 0.000000 0.000000 1.000000
0.916964 -0.109114 -0.383760 -17.811993 -0.118080 0.844562 -0.522276 39.608902 0.381097 0.524222 0.761549 -33.546783 0.000000 0.000000 0.000000 1.000000
0.917969 -0.131822 -0.374108 -18.836452 -0.128951 0.792749 -0.595751 37.217243 0.375107 0.595123 0.710720 -30.403913 0.000000 0.000000 0.000000 1.000000
0.937635 -0.190176 -0.290988 -20.197113 -0.065768 0.724915 -0.685691 34.708847 0.341343 0.662066 0.667198 -27.528713 0.000000 0.000000 0.000000 1.000000
0.951223 -0.244059 -0.188704 -21.451132 0.009567 0.634719 -0.772684 31.863770 0.308354 0.733190 0.606095 -24.226767 0.000000 0.000000 0.000000 1.000000
0.950876 -0.286936 -0.116202 -22.624943 0.060703 0.540895 -0.838897 28.480265 0.303563 0.790633 0.531742 -20.082430 0.000000 0.000000 0.000000 1.000000
0.942948 -0.328918 -0.051594 -23.864479 0.110610 0.455648 -0.883261 24.429525 0.314029 0.827163 0.466034 -15.670129 0.000000 0.000000 0.000000 1.000000
0.934504 -0.355937 -0.003153 -24.878492 0.138112 0.370745 -0.918408 20.350407 0.328065 0.857821 0.395622 -12.017186 0.000000 0.000000 0.000000 1.000000
0.927954 -0.371749 0.026546 -25.929623 0.140263 0.282355 -0.949000 16.659050 0.345295 0.884352 0.314155 -8.680541 0.000000 0.000000 0.000000 1.000000
0.917536 -0.389650 0.079373 -27.277695 0.156840 0.171186 -0.972675 13.748536 0.365415 0.904914 0.218182 -5.754411 0.000000 0.000000 0.000000 1.000000
0.895273 -0.431168 0.112165 -29.211452 0.164180 0.085251 -0.982740 12.746035 0.414163 0.898235 0.147112 -3.521945 0.000000 0.000000 0.000000 1.000000
0.878121 -0.466619 0.105686 -31.183741 0.157944 0.074215 -0.984655 13.252105 0.451615 0.881339 0.138869 -1.727308 0.000000 0.000000 0.000000 1.000000
0.874606 -0.475558 0.094385 -32.673019 0.152259 0.084583 -0.984715 13.980509 0.460306 0.875608 0.146385 -0.220881 0.000000 0.000000 0.000000 1.000000
0.876443 -0.474319 0.082880 -33.664791 0.137637 0.081846 -0.987095 14.234055 0.461415 0.876540 0.137017 1.147888 0.000000 0.000000 0.000000 1.000000
0.877648 -0.473880 0.071920 -34.219452 0.125986 0.083303 -0.988528 13.987045 0.462452 0.876641 0.132813 2.292776 0.000000 0.000000 0.000000 1.000000
0.878681 -0.471117 0.077253 -34.443848 0.132294 0.084800 -0.987576 13.555812 0.458713 0.877985 0.136838 3.028499 0.000000 0.000000 0.000000 1.000000
0.881347 -0.464767 0.084963 -34.400909 0.141384 0.087852 -0.986049 13.389002 0.450819 0.881064 0.143139 3.441259 0.000000 0.000000 0.000000 1.000000
0.886893 -0.453639 0.087360 -34.124626 0.145547 0.094906 -0.984789 13.510379 0.438448 0.886118 0.150197 3.634437 0.000000 0.000000 0.000000 1.000000
0.891471 -0.445206 0.084090 -33.769958 0.142171 0.098652 -0.984914 13.659369 0.430194 0.889977 0.151241 3.663549 0.000000 0.000000 0.000000 1.000000
0.894585 -0.440715 0.074078 -33.427155 0.130157 0.098365 -0.986602 13.707851 0.427523 0.892241 0.145358 3.609164 0.000000 0.000000 0.000000 1.000000
0.895984 -0.439875 0.061009 -33.220871 0.117288 0.101893 -0.987857 13.649498 0.428317 0.892260 0.142886 3.187629 0.000000 0.000000 0.000000 1.000000
0.897477 -0.437895 0.052764 -32.969967 0.110826 0.108099 -0.987943 13.498497 0.426912 0.892504 0.145547 2.812096 0.000000 0.000000 0.000000 1.000000
0.901098 -0.430775 0.049554 -32.791073 0.109630 0.115761 -0.987208 13.311232 0.419529 0.895004 0.151538 2.524226 0.000000 0.000000 0.000000 1.000000
0.903042 -0.426910 0.047567 -32.667984 0.109639 0.122008 -0.986455 13.193296 0.415324 0.896025 0.156985 2.394358 0.000000 0.000000 0.000000 1.000000
0.902441 -0.428501 0.044575 -32.582359 0.106633 0.121922 -0.986795 13.166367 0.417408 0.895278 0.155720 2.436309 0.000000 0.000000 0.000000 1.000000
0.902754 -0.427828 0.044703 -32.571877 0.105943 0.120415 -0.987054 13.139597 0.416907 0.895803 0.154030 2.526521 0.000000 0.000000 0.000000 1.000000
0.903374 -0.426142 0.048146 -32.618568 0.108702 0.118931 -0.986934 13.099327 0.414848 0.896805 0.153762 2.670835 0.000000 0.000000 0.000000 1.000000
0.904084 -0.424323 0.050824 -32.708984 0.111341 0.119055 -0.986625 13.032024 0.412597 0.897650 0.154880 2.827125 0.000000 0.000000 0.000000 1.000000
0.904465 -0.423383 0.051852 -32.817822 0.112880 0.120351 -0.986293 12.957367 0.411340 0.897921 0.156645 2.931112 0.000000 0.000000 0.000000 1.000000
0.904696 -0.422871 0.052009 -32.905289 0.113747 0.122086 -0.985980 12.894303 0.410592 0.897928 0.158552 2.984182 0.000000 0.000000 0.000000 1.000000
0.904968 -0.422288 0.052022 -32.943920 0.114293 0.123496 -0.985741 12.850023 0.409843 0.898010 0.160024 3.006636 0.000000 0.000000 0.000000 1.000000
0.905050 -0.422102 0.052095 -32.934242 0.114323 0.123468 -0.985741 12.834478 0.409651 0.898101 0.160000 3.001578 0.000000 0.000000 0.000000 1.000000
0.904647 -0.422851 0.053019 -32.891777 0.114794 0.121977 -0.985872 12.849276 0.410410 0.897953 0.158887 2.973999 0.000000 0.000000 0.000000 1.000000
0.903897 -0.424258 0.054539 -32.832790 0.116087 0.120591 -0.985891 12.874121 0.411695 0.897476 0.158253 2.936725 0.000000 0.000000 0.000000 1.000000
0.903533 -0.425002 0.054793 -32.788143 0.116211 0.119945 -0.985956 12.884324 0.412461 0.897210 0.157764 2.909010 0.000000 0.000000 0.000000 1.000000
0.903665 -0.424785 0.054287 -32.762405 0.115671 0.120063 -0.986005 12.879477 0.412322 0.897297 0.157632 2.899943 0.000000 0.000000 0.000000 1.000000
0.904026 -0.424000 0.054420 -32.748985 0.115758 0.120263 -0.985970 12.872929 0.411507 0.897642 0.157802 2.906837 0.000000 0.000000 0.000000 1.000000
0.904260 -0.423440 0.054878 -32.750484 0.116302 0.120596 -0.985865 12.858793 0.410837 0.897861 0.158297 2.926987 0.000000 0.000000 0.000000 1.000000
0.904355 -0.423201 0.055164 -32.759747 0.116777 0.121053 -0.985753 12.840620 0.410494 0.897913 0.158895 2.952240 0.000000 0.000000 0.000000 1.000000
0.904495 -0.422827 0.055724 -32.765804 0.117318 0.121058 -0.985688 12.829656 0.410030 0.898088 0.159102 2.970246 0.000000 0.000000 0.000000 1.000000
0.904608 -0.422508 0.056312 -32.769382 0.117828 0.120909 -0.985646 12.820942 0.409634 0.898258 0.159159 2.974055 0.000000 0.000000 0.000000 1.000000
0.904610 -0.422466 0.056592 -32.772934 0.117951 0.120526 -0.985678 12.815739 0.409594 0.898330 0.158859 2.964709 0.000000 0.000000 0.000000 1.000000
0.904680 -0.422285 0.056833 -32.776180 0.117870 0.119849 -0.985770 12.815933 0.409464 0.898505 0.158200 2.952961 0.000000 0.000000 0.000000 1.000000
0.904950 -0.421648 0.057263 -32.779602 0.118117 0.119630 -0.985767 12.811081 0.408796 0.898834 0.158063 2.944762 0.000000 0.000000 0.000000 1.000000
0.905666 -0.419983 0.058167 -32.786045 0.119131 0.120400 -0.985551 12.791584 0.406912 0.899510 0.159076 2.936675 0.000000 0.000000 0.000000 1.000000
0.906277 -0.418580 0.058753 -32.793972 0.119794 0.121056 -0.985391 12.773705 0.405352 0.900076 0.159853 2.931624 0.000000 0.000000 0.000000 1.000000
0.906365 -0.418366 0.058933 -32.798859 0.119918 0.120987 -0.985384 12.763329 0.405121 0.900185 0.159828 2.933210 0.000000 0.000000 0.000000 1.000000
0.906229 -0.418653 0.058975 -32.803795 0.119908 0.120743 -0.985415 12.752352 0.405426 0.900084 0.159621 2.933833 0.000000 0.000000 0.000000 1.000000
0.906216 -0.418723 0.058685 -32.808811 0.119520 0.120551 -0.985486 12.743593 0.405571 0.900077 0.159291 2.935181 0.000000 0.000000 0.000000 1.000000
0.906223 -0.418730 0.058516 -32.812256 0.119224 0.120301 -0.985552 12.735188 0.405641 0.900107 0.158942 2.936065 0.000000 0.000000 0.000000 1.000000
0.906169 -0.418894 0.058189 -32.817383 0.118746 0.119959 -0.985652 12.728127 0.405903 0.900076 0.158445 2.934091 0.000000 0.000000 0.000000 1.000000
0.906282 -0.418722 0.057666 -32.821548 0.118198 0.120079 -0.985703 12.712910 0.405811 0.900141 0.158317 2.933377 0.000000 0.000000 0.000000 1.000000
0.906534 -0.418279 0.056909 -32.826237 0.117387 0.120294 -0.985774 12.694553 0.405483 0.900318 0.158151 2.931162 0.000000 0.000000 0.000000 1.000000
0.906676 -0.418074 0.056160 -32.831512 0.116530 0.120285 -0.985876 12.681292 0.405414 0.900414 0.157777 2.927188 0.000000 0.000000 0.000000 1.000000
0.906750 -0.417974 0.055705 -32.832806 0.115986 0.120218 -0.985949 12.674072 0.405404 0.900470 0.157486 2.929071 0.000000 0.000000 0.000000 1.000000
0.906703 -0.418106 0.055473 -32.832428 0.115701 0.120090 -0.985998 12.667031 0.405589 0.900426 0.157261 2.930719 0.000000 0.000000 0.000000 1.000000
0.907112 -0.417174 0.055801 -32.834953 0.116133 0.120654 -0.985878 12.648883 0.404550 0.900782 0.157894 2.928903 0.000000 0.000000 0.000000 1.000000
0.907603 -0.416152 0.055439 -32.840988 0.115876 0.121388 -0.985818 12.632788 0.403521 0.901156 0.158394 2.930041 0.000000 0.000000 0.000000 1.000000
0.907673 -0.416136 0.054413 -32.845825 0.114935 0.121785 -0.985879 12.621838 0.403634 0.901110 0.158370 2.936404 0.000000 0.000000 0.000000 1.000000
0.907601 -0.416366 0.053846 -32.848568 0.114434 0.121944 -0.985918 12.609789 0.403936 0.900982 0.158323 2.941769 0.000000 0.000000 0.000000 1.000000
0.907570 -0.416486 0.053450 -32.850300 0.114064 0.122026 -0.985951 12.601067 0.404112 0.900916 0.158253 2.946434 0.000000 0.000000 0.000000 1.000000
0.907493 -0.416713 0.052986 -32.853806 0.113682 0.122200 -0.985973 12.591293 0.404393 0.900787 0.158269 2.944953 0.000000 0.000000 0.000000 1.000000
0.907344 -0.417103 0.052465 -32.854752 0.113055 0.121902 -0.986082 12.586177 0.404903 0.900647 0.157762 2.948523 0.000000 0.000000 0.000000 1.000000
0.907172 -0.417466 0.052548 -32.856194 0.112959 0.121333 -0.986164 12.580282 0.405314 0.900556 0.157226 2.946162 0.000000 0.000000 0.000000 1.000000
0.907191 -0.417417 0.052609 -32.857094 0.112900 0.121075 -0.986202 12.579203 0.405287 0.900613 0.156964 2.947441 0.000000 0.000000 0.000000 1.000000</float_array>
        <technique_common>
          <accessor source="#mixamorig_Hips-Matrix-animation-output-transform-array" count="133" stride="16">
            <param type="float4x4"/>
          </accessor>
        </technique_common>
      </source>
      <source id="mixamorig_Hips-Interpolations">
        <Name_array id="mixamorig_Hips-Interpolations-array" count="133">
 LINEAR LINEAR LINEAR LINEAR LINEAR LINEAR LINEAR LINEAR LINEAR LINEAR LINEAR
LINEAR LINEAR LINEAR LINEAR LINEAR LINEAR LINEAR LINEAR LINEAR LINEAR LINEAR LINEAR
LINEAR LINEAR LINEAR LINEAR LINEAR LINEAR LINEAR LINEAR LINEAR LINEAR LINEAR LINEAR
LINEAR LINEAR LINEAR LINEAR LINEAR LINEAR LINEAR LINEAR LINEAR LINEAR LINEAR LINEAR
LINEAR LINEAR LINEAR LINEAR LINEAR LINEAR LINEAR LINEAR LINEAR LINEAR LINEAR LINEAR
LINEAR LINEAR LINEAR LINEAR LINEAR LINEAR LINEAR LINEAR LINEAR LINEAR LINEAR LINEAR
LINEAR LINEAR LINEAR LINEAR LINEAR LINEAR LINEAR LINEAR LINEAR LINEAR LINEAR LINEAR
LINEAR LINEAR LINEAR LINEAR LINEAR LINEAR LINEAR LINEAR LINEAR LINEAR LINEAR LINEAR
LINEAR LINEAR LINEAR LINEAR LINEAR LINEAR LINEAR LINEAR LINEAR LINEAR LINEAR LINEAR
LINEAR LINEAR LINEAR LINEAR LINEAR LINEAR LINEAR LINEAR LINEAR LINEAR LINEAR LINEAR
LINEAR LINEAR LINEAR LINEAR LINEAR LINEAR LINEAR LINEAR LINEAR LINEAR LINEAR LINEAR
LINEAR LINEAR</Name_array>
        <technique_common>
          <accessor source="#mixamorig_Hips-Interpolations-array" count="133">
            <param type="name"/>
          </accessor>
        </technique_common>
      </source>
      <sampler id="mixamorig_Hips-Matrix-animation-transform">
        <input semantic="INPUT" source="#mixamorig_Hips-Matrix-animation-input"/>
        <input semantic="OUTPUT" source="#mixamorig_Hips-Matrix-animation-output-transform"/>
        <input semantic="INTERPOLATION" source="#mixamorig_Hips-Interpolations"/>
      </sampler>
      <channel source="#mixamorig_Hips-Matrix-animation-transform" target="mixamorig_Hips/matrix"/>
    </animation>
    <animation id="mixamorig_Spine-anim" name="mixamorig_Spine">
      <source id="mixamorig_Spine-Matrix-animation-input">
        <float_array id="mixamorig_Spine-Matrix-animation-input-array" count="133">

0.000000 0.033333 0.066667 0.100000 0.133333 0.166667 0.200000 0.233333 0.266667 0.300000 0.333333 0.366667 0.400000 0.433333 0.466667 0.500000
0.533333 0.566667 0.600000 0.633333 0.666667 0.700000 0.733333 0.766667 0.800000 0.833333 0.866667 0.900000 0.933333 0.966667 1.000000 1.033333
1.066667 1.100000 1.133333 1.166667 1.200000 1.233333 1.266667 1.300000 1.333333 1.366667 1.400000 1.433333 1.466667 1.500000 1.533333 1.566667
1.600000 1.633333 1.666667 1.700000 1.733333 1.766667 1.800000 1.833333 1.866667 1.900000 1.933333 1.966667 2.000000 2.033333 2.066667 2.100000
2.133333 2.166667 2.200000 2.233333 2.266667 2.300000 2.333333 2.366667 2.400000 2.433333 2.466667 2.500000 2.533333 2.566667 2.600000 2.633333
2.666667 2.700000 2.733333 2.766667 2.800000 2.833333 2.866667 2.900000 2.933333 2.966667 3.000000 3.033333 3.066667 3.100000 3.133333 3.166667
3.200000 3.233333 3.266667 3.300000 3.333333 3.366667 3.400000 3.433333 3.466667 3.500000 3.533333 3.566667 3.600000 3.633333 3.666667 3.700000
3.733333 3.766667 3.800000 3.833333 3.866667 3.900000 3.933333 3.966667 4.000000 4.033333 4.066667 4.100000 4.133333 4.166667 4.200000 4.233333
4.266667 4.300000 4.333333 4.366667 4.400000</float_array>
        <technique_common>
          <accessor source="#mixamorig_Spine-Matrix-animation-input-array" count="133">
            <param name="TIME" type="float"/>
          </accessor>
        </technique_common>
      </source>
      <source id="mixamorig_Spine-Matrix-animation-output-transform">
        <float_array id="mixamorig_Spine-Matrix-animation-output-transform-array" count="2128">

0.998852 -0.033771 0.033982 -0.002400 0.035241 0.998426 -0.043634 12.777500 -0.032455 0.044781 0.998469 0.315300 0.000000 0.000000 0.000000 1.000000
0.998855 -0.033763 0.033903 -0.002400 0.035236 0.998417 -0.043839 12.777500 -0.032369 0.044983 0.998463 0.315300 0.000000 0.000000 0.000000 1.000000
0.998848 -0.034113 0.033746 -0.002400 0.035584 0.998397 -0.044011 12.777500 -0.032190 0.045161 0.998461 0.315300 0.000000 0.000000 0.000000 1.000000
0.998848 -0.034563 0.033303 -0.002400 0.036020 0.998373 -0.044207 12.777500 -0.031721 0.045355 0.998467 0.315300 0.000000 0.000000 0.000000 1.000000
0.998880 -0.034354 0.032521 -0.002400 0.035802 0.998343 -0.045050 12.777500 -0.030919 0.046164 0.998455 0.315300 0.000000 0.000000 0.000000 1.000000
0.998868 -0.035727 0.031420 -0.002400 0.037182 0.998202 -0.047013 12.777500 -0.029684 0.048128 0.998400 0.315300 0.000000 0.000000 0.000000 1.000000
0.998754 -0.039140 0.030971 -0.002400 0.040670 0.997900 -0.050409 12.777500 -0.028933 0.051606 0.998248 0.315300 0.000000 0.000000 0.000000 1.000000
0.998341 -0.047125 0.033084 -0.002400 0.048932 0.997226 -0.056096 12.777500 -0.030348 0.057622 0.997877 0.315300 0.000000 0.000000 0.000000 1.000000
0.997657 -0.057216 0.037512 -0.002400 0.059567 0.996113 -0.064889 12.777500 -0.033654 0.066971 0.997187 0.315300 0.000000 0.000000 0.000000 1.000000
0.996668 -0.070110 0.041679 -0.002400 0.073081 0.994528 -0.074649 12.777500 -0.036217 0.077446 0.996339 0.315300 0.000000 0.000000 0.000000 1.000000
0.996431 -0.071283 0.045216 -0.002400 0.074775 0.993912 -0.080922 12.777500 -0.039172 0.084014 0.995694 0.315300 0.000000 0.000000 0.000000 1.000000
0.997070 -0.061582 0.045370 -0.002400 0.065065 0.994686 -0.079783 12.777500 -0.040216 0.082502 0.995779 0.315300 0.000000 0.000000 0.000000 1.000000
0.997645 -0.054940 0.041072 -0.002400 0.057783 0.995760 -0.071569 12.777500 -0.036966 0.073774 0.996590 0.315300 0.000000 0.000000 0.000000 1.000000
0.997996 -0.053074 0.034460 -0.002400 0.055172 0.996480 -0.063110 12.777500 -0.030989 0.064884 0.997412 0.315300 0.000000 0.000000 0.000000 1.000000
0.998520 -0.046598 0.028029 -0.002400 0.048152 0.997179 -0.057586 12.777500 -0.025267 0.058851 0.997947 0.315300 0.000000 0.000000 0.000000 1.000000
0.998912 -0.040684 0.022792 -0.002400 0.041808 0.997813 -0.051203 12.777500 -0.020659 0.052100 0.998428 0.315300 0.000000 0.000000 0.000000 1.000000
0.999022 -0.041482 0.015307 -0.002400 0.042112 0.998168 -0.043450 12.777500 -0.013477 0.044052 0.998938 0.315300 0.000000 0.000000 0.000000 1.000000
0.998982 -0.044963 0.003776 -0.002400 0.045073 0.998276 -0.037591 12.777500 -0.002079 0.037722 0.999286 0.315300 0.000000 0.000000 0.000000 1.000000
0.998890 -0.046157 -0.009381 -0.002400 0.045814 0.998371 -0.033999 12.777500 0.010935 0.033531 0.999378 0.315300 0.000000 0.000000 0.000000 1.000000
0.998885 -0.042324 -0.020915 -0.002400 0.041658 0.998640 -0.031340 12.777500 0.022213 0.030434 0.999290 0.315300 0.000000 0.000000 0.000000 1.000000
0.999016 -0.034402 -0.027991 -0.002400 0.033601 0.999025 -0.028619 12.777500 0.028949 0.027651 0.999198 0.315300 0.000000 0.000000 0.000000 1.000000
0.999261 -0.023159 -0.030680 -0.002400 0.022346 0.999397 -0.026594 12.777500 0.031277 0.025889 0.999175 0.315300 0.000000 0.000000 0.000000 1.000000
0.999477 -0.010508 -0.030575 -0.002400 0.009660 0.999568 -0.027770 12.777500 0.030853 0.027460 0.999147 0.315300 0.000000 0.000000 0.000000 1.000000
0.999596 -0.000828 -0.028419 -0.002400 -0.000116 0.999449 -0.033187 12.777500 0.028430 0.033177 0.999045 0.315300 0.000000 0.000000 0.000000 1.000000
0.999686 0.007103 -0.024042 -0.002400 -0.008138 0.999033 -0.043198 12.777500 0.023712 0.043380 0.998777 0.315300 0.000000 0.000000 0.000000 1.000000
0.999668 0.018612 -0.017801 -0.002400 -0.019601 0.998178 -0.057074 12.777500 0.016707 0.057404 0.998211 0.315300 0.000000 0.000000 0.000000 1.000000
0.999734 0.020321 -0.010925 -0.002400 -0.021071 0.997063 -0.073634 12.777500 0.009397 0.073845 0.997225 0.315300 0.000000 0.000000 0.000000 1.000000
0.999604 0.028096 0.001580 -0.002400 -0.027864 0.996085 -0.083896 12.777500 -0.003931 0.083819 0.996473 0.315300 0.000000 0.000000 0.000000 1.000000
0.998724 0.048781 0.013097 -0.002400 -0.047453 0.995029 -0.087557 12.777500 -0.017303 0.086824 0.996073 0.315300 0.000000 0.000000 0.000000 1.000000
0.998460 0.052180 0.018863 -0.002400 -0.050158 0.994190 -0.095240 12.777500 -0.023723 0.094147 0.995276 0.315300 0.000000 0.000000 0.000000 1.000000
0.998928 0.041291 0.020938 -0.002400 -0.038930 0.993939 -0.102808 12.777500 -0.025056 0.101883 0.994481 0.315300 0.000000 0.000000 0.000000 1.000000
0.999136 0.034538 0.023117 -0.002400 -0.031949 0.994034 -0.104288 12.777500 -0.026581 0.103459 0.994278 0.315300 0.000000 0.000000 0.000000 1.000000
0.999199 0.030101 0.026372 -0.002400 -0.027360 0.994734 -0.098775 12.777500 -0.029206 0.097974 0.994760 0.315300 0.000000 0.000000 0.000000 1.000000
0.999018 0.030944 0.031718 -0.002400 -0.028066 0.995772 -0.087471 12.777500 -0.034291 0.086494 0.995662 0.315300 0.000000 0.000000 0.000000 1.000000
0.998838 0.027486 0.039583 -0.002400 -0.024426 0.996823 -0.075812 12.777500 -0.041541 0.074757 0.996336 0.315300 0.000000 0.000000 0.000000 1.000000
0.998705 0.019186 0.047130 -0.002400 -0.016221 0.997913 -0.062505 12.777500 -0.048230 0.061660 0.996931 0.315300 0.000000 0.000000 0.000000 1.000000
0.998466 0.012630 0.053909 -0.002400 -0.009965 0.998728 -0.049428 12.777500 -0.054465 0.048815 0.997322 0.315300 0.000000 0.000000 0.000000 1.000000
0.998113 0.007539 0.060946 -0.002400 -0.005004 0.999121 -0.041631 12.777500 -0.061206 0.041247 0.997273 0.315300 0.000000 0.000000 0.000000 1.000000
0.997779 0.002523 0.066569 -0.002400 0.000086 0.999233 -0.039165 12.777500 -0.066617 0.039084 0.997013 0.315300 0.000000 0.000000 0.000000 1.000000
0.997603 -0.001338 0.069179 -0.002400 0.004171 0.999157 -0.040830 12.777500 -0.069066 0.041020 0.996768 0.315300 0.000000 0.000000 0.000000 1.000000
0.997649 -0.003126 0.068453 -0.002400 0.006115 0.999034 -0.043505 12.777500 -0.068251 0.043821 0.996705 0.315300 0.000000 0.000000 0.000000 1.000000
0.997770 -0.005928 0.066485 -0.002400 0.008880 0.998983 -0.044205 12.777500 -0.066156 0.044697 0.996808 0.315300 0.000000 0.000000 0.000000 1.000000
0.997766 -0.006968 0.066447 -0.002400 0.009872 0.999005 -0.043488 12.777500 -0.066078 0.044047 0.996842 0.315300 0.000000 0.000000 0.000000 1.000000
0.997723 -0.003029 0.067371 -0.002400 0.006084 0.998960 -0.045190 12.777500 -0.067164 0.045497 0.996704 0.315300 0.000000 0.000000 0.000000 1.000000
0.997820 -0.003016 0.065928 -0.002400 0.006395 0.998673 -0.051105 12.777500 -0.065687 0.051415 0.996515 0.315300 0.000000 0.000000 0.000000 1.000000
0.998153 -0.007885 0.060237 -0.002400 0.011162 0.998465 -0.054253 12.777500 -0.059717 0.054825 0.996709 0.315300 0.000000 0.000000 0.000000 1.000000
0.998582 -0.007343 0.052725 -0.002400 0.010138 0.998546 -0.052940 12.777500 -0.052260 0.053399 0.997205 0.315300 0.000000 0.000000 0.000000 1.000000
0.998939 -0.009485 0.045070 -0.002400 0.011763 0.998651 -0.050570 12.777500 -0.044529 0.051047 0.997703 0.315300 0.000000 0.000000 0.000000 1.000000
0.999085 -0.022508 0.036355 -0.002400 0.024145 0.998684 -0.045237 12.777500 -0.035289 0.046074 0.998315 0.315300 0.000000 0.000000 0.000000 1.000000
0.999126 -0.030279 0.028816 -0.002400 0.031399 0.998736 -0.039257 12.777500 -0.027591 0.040127 0.998814 0.315300 0.000000 0.000000 0.000000 1.000000
0.999107 -0.033670 0.025508 -0.002400 0.034500 0.998865 -0.032828 12.777500 -0.024374 0.033679 0.999135 0.315300 0.000000 0.000000 0.000000 1.000000
0.999164 -0.033066 0.024030 -0.002400 0.033792 0.998965 -0.030449 12.777500 -0.022998 0.031235 0.999247 0.315300 0.000000 0.000000 0.000000 1.000000
0.999469 -0.023812 0.022236 -0.002400 0.024548 0.999140 -0.033416 12.777500 -0.021421 0.033944 0.999194 0.315300 0.000000 0.000000 0.000000 1.000000
0.999723 -0.012028 0.020235 -0.002400 0.012789 0.999200 -0.037882 12.777500 -0.019764 0.038130 0.999077 0.315300 0.000000 0.000000 0.000000 1.000000
0.999853 0.004454 0.016542 -0.002400 -0.003782 0.999175 -0.040447 12.777500 -0.016708 0.040378 0.999045 0.315300 0.000000 0.000000 0.000000 1.000000
0.999721 0.019621 0.013150 -0.002400 -0.019085 0.999029 -0.039705 12.777500 -0.013916 0.039443 0.999125 0.315300 0.000000 0.000000 0.000000 1.000000
0.999419 0.031713 0.012522 -0.002400 -0.031213 0.998779 -0.038302 12.777500 -0.013722 0.037889 0.999188 0.315300 0.000000 0.000000 0.000000 1.000000
0.999093 0.039652 0.015499 -0.002400 -0.039019 0.998469 -0.039198 12.777500 -0.017030 0.038558 0.999111 0.315300 0.000000 0.000000 0.000000 1.000000
0.999238 0.034946 0.017363 -0.002400 -0.034252 0.998661 -0.038767 12.777500 -0.018695 0.038143 0.999097 0.315300 0.000000 0.000000 0.000000 1.000000
0.999694 0.018772 0.016096 -0.002400 -0.018295 0.999405 -0.029249 12.777500 -0.016636 0.028946 0.999443 0.315300 0.000000 0.000000 0.000000 1.000000
0.999666 0.014855 0.021153 -0.002400 -0.014670 0.999853 -0.008907 12.777500 -0.021282 0.008594 0.999737 0.315300 0.000000 0.000000 0.000000 1.000000
0.999456 0.017084 0.028221 -0.002400 -0.017386 0.999794 0.010490 12.777500 -0.028036 -0.010975 0.999547 0.315300 0.000000 0.000000 0.000000 1.000000
0.999249 0.019044 0.033746 -0.002400 -0.019664 0.999642 0.018139 12.777500 -0.033388 -0.018789 0.999266 0.315300 0.000000 0.000000 0.000000 1.000000
0.999150 0.018869 0.036662 -0.002400 -0.019469 0.999681 0.016067 12.777500 -0.036347 -0.016767 0.999199 0.315300 0.000000 0.000000 0.000000 1.000000
0.999439 0.008332 0.032446 -0.002400 -0.008736 0.999886 0.012323 12.777500 -0.032339 -0.012600 0.999398 0.315300 0.000000 0.000000 0.000000 1.000000
0.999605 -0.012486 0.025182 -0.002400 0.012222 0.999869 0.010639 12.777500 -0.025312 -0.010327 0.999626 0.315300 0.000000 0.000000 0.000000 1.000000
0.999075 -0.036967 0.021986 -0.002400 0.036698 0.999248 0.012505 12.777500 -0.022432 -0.011687 0.999680 0.315300 0.000000 0.000000 0.000000 1.000000
0.998122 -0.054750 0.027480 -0.002400 0.054312 0.998388 0.016463 12.777500 -0.028337 -0.014939 0.999487 0.315300 0.000000 0.000000 0.000000 1.000000
0.996932 -0.070294 0.034423 -0.002400 0.069754 0.997426 0.016633 12.777500 -0.035503 -0.014181 0.999269 0.315300 0.000000 0.000000 0.000000 1.000000
0.995887 -0.082089 0.038352 -0.002400 0.081599 0.996565 0.014160 12.777500 -0.039383 -0.010972 0.999164 0.315300 0.000000 0.000000 0.000000 1.000000
0.995630 -0.085952 0.036517 -0.002400 0.085495 0.996242 0.013890 12.777500 -0.037574 -0.010708 0.999236 0.315300 0.000000 0.000000 0.000000 1.000000
0.996447 -0.079507 0.027785 -0.002400 0.079179 0.996779 0.012717 12.777500 -0.028707 -0.010471 0.999533 0.315300 0.000000 0.000000 0.000000 1.000000
0.997164 -0.072291 0.020920 -0.002400 0.072022 0.997314 0.013355 12.777500 -0.021829 -0.011811 0.999692 0.315300 0.000000 0.000000 0.000000 1.000000
0.996974 -0.076845 0.011716 -0.002400 0.076669 0.996947 0.014795 12.777500 -0.012817 -0.013852 0.999822 0.315300 0.000000 0.000000 0.000000 1.000000
0.995436 -0.093951 -0.016750 -0.002400 0.094179 0.995464 0.013447 12.777500 0.015411 -0.014963 0.999769 0.315300 0.000000 0.000000 0.000000 1.000000
0.992830 -0.110182 -0.046361 -0.002400 0.110828 0.993772 0.011586 12.777500 0.044795 -0.016641 0.998858 0.315300 0.000000 0.000000 0.000000 1.000000
0.991015 -0.121653 -0.055582 -0.002400 0.122526 0.992386 0.012566 12.777500 0.053630 -0.019264 0.998375 0.315300 0.000000 0.000000 0.000000 1.000000
0.990908 -0.125585 -0.048266 -0.002400 0.126726 0.991708 0.021346 12.777500 0.045185 -0.027268 0.998606 0.315300 0.000000 0.000000 0.000000 1.000000
0.994355 -0.100933 -0.032736 -0.002400 0.101739 0.994522 0.023971 12.777500 0.030137 -0.027166 0.999177 0.315300 0.000000 0.000000 0.000000 1.000000
0.996975 -0.073668 -0.024771 -0.002400 0.073890 0.997233 0.008180 12.777500 0.024099 -0.009986 0.999660 0.315300 0.000000 0.000000 0.000000 1.000000
0.997768 -0.063211 -0.021505 -0.002400 0.062989 0.997955 -0.010842 12.777500 0.022146 0.009464 0.999710 0.315300 0.000000 0.000000 0.000000 1.000000
0.997997 -0.060894 -0.017132 -0.002400 0.060500 0.997911 -0.022662 12.777500 0.018476 0.021580 0.999596 0.315300 0.000000 0.000000 0.000000 1.000000
0.997998 -0.061506 -0.014721 -0.002400 0.061033 0.997665 -0.030636 12.777500 0.016571 0.029676 0.999422 0.315300 0.000000 0.000000 0.000000 1.000000
0.997773 -0.064885 -0.015490 -0.002400 0.064283 0.997260 -0.036604 12.777500 0.017823 0.035526 0.999210 0.315300 0.000000 0.000000 0.000000 1.000000
0.997397 -0.070203 -0.016442 -0.002400 0.069454 0.996685 -0.042357 12.777500 0.019361 0.041104 0.998967 0.315300 0.000000 0.000000 0.000000 1.000000
0.996749 -0.078748 -0.017050 -0.002400 0.077859 0.995821 -0.047733 12.777500 0.020738 0.046250 0.998715 0.315300 0.000000 0.000000 0.000000 1.000000
0.996219 -0.085293 -0.016504 -0.002400 0.084362 0.995147 -0.050651 12.777500 0.020744 0.049067 0.998580 0.315300 0.000000 0.000000 0.000000 1.000000
0.995988 -0.088217 -0.015027 -0.002400 0.087367 0.994917 -0.050081 12.777500 0.019369 0.048568 0.998632 0.315300 0.000000 0.000000 0.000000 1.000000
0.996581 -0.081534 -0.013360 -0.002400 0.080779 0.995492 -0.049703 12.777500 0.017352 0.048454 0.998675 0.315300 0.000000 0.000000 0.000000 1.000000
0.996902 -0.077559 -0.013094 -0.002400 0.076824 0.995813 -0.049549 12.777500 0.016882 0.048390 0.998686 0.315300 0.000000 0.000000 0.000000 1.000000
0.996878 -0.077764 -0.013678 -0.002400 0.076999 0.995799 -0.049555 12.777500 0.017474 0.048347 0.998678 0.315300 0.000000 0.000000 0.000000 1.000000
0.996822 -0.078407 -0.014053 -0.002400 0.077622 0.995745 -0.049657 12.777500 0.017887 0.048408 0.998667 0.315300 0.000000 0.000000 0.000000 1.000000
0.996776 -0.079127 -0.013282 -0.002400 0.078389 0.995715 -0.049062 12.777500 0.017107 0.047862 0.998707 0.315300 0.000000 0.000000 0.000000 1.000000
