<?xml version="1.0" encoding="utf-8"?>
<COLLADA xmlns="http://www.collada.org/2005/11/COLLADASchema" version="1.4.1">
  <asset>
    <contributor>
      <author>Mixamo</author>
      <authoring_tool>COLLADA Mixamo exporter</authoring_tool>
      <comments/>
    </contributor>
    <created>2024-10-12T09:47:32Z</created>
    <modified>2024-10-12T09:47:32Z</modified>
    <revision/>
    <title/>
    <unit meter="0.010000"/>
    <up_axis>Y_UP</up_axis>
  </asset>
  <library_animations>
    <animation id="mixamorig_Hips-anim" name="mixamorig_Hips">
      <source id="mixamorig_Hips-Matrix-animation-input">
        <float_array id="mixamorig_Hips-Matrix-animation-input-array" count="56">

0.000000 0.033333 0.066667 0.100000 0.133333 0.166667 0.200000 0.233333 0.266667 0.300000 0.333333 0.366667 0.400000 0.433333 0.466667 0.500000
0.533333 0.566667 0.600000 0.633333 0.666667 0.700000 0.733333 0.766667 0.800000 0.833333 0.866667 0.900000 0.933333 0.966667 1.000000 1.033333
1.066667 1.100000 1.133333 1.166667 1.200000 1.233333 1.266667 1.300000 1.333333 1.366667 1.400000 1.433333 1.466667 1.500000 1.533333 1.566667
1.600000 1.633333 1.666667 1.700000 1.733333 1.766667 1.800000 1.833333</float_array>
        <technique_common>
          <accessor source="#mixamorig_Hips-Matrix-animation-input-array" count="56">
            <param name="TIME" type="float"/>
          </accessor>
        </technique_common>
      </source>
      <source id="mixamorig_Hips-Matrix-animation-output-transform">
        <float_array id="mixamorig_Hips-Matrix-animation-output-transform-array" count="896">

0.852073 -0.241652 -0.464301 -0.488862 0.283073 0.958881 0.020425 102.205833 0.440274 -0.148834 0.885442 -10.005005 0.000000 0.000000 0.000000 1.000000
0.958907 -0.282527 -0.025988 -4.853114 0.283073 0.958881 0.020425 102.205833 0.019149 -0.026942 0.999454 -2.618792 0.000000 0.000000 0.000000 1.000000
0.868971 -0.265427 0.417659 -8.221502 0.283073 0.958881 0.020425 102.205833 -0.405906 0.100479 0.908374 6.565548 0.000000 0.000000 0.000000 1.000000
0.600718 -0.193860 0.775600 -9.902803 0.283073 0.958881 0.020425 102.205849 -0.747668 0.207282 0.630894 16.924162 0.000000 0.000000 0.000000 1.000000
0.209197 -0.082513 0.974386 -9.552030 0.283073 0.958881 0.020425 102.205818 -0.936005 0.271549 0.223952 27.592159 0.000000 0.000000 0.000000 1.000000
-0.225252 0.045766 0.973225 -7.241139 0.283073 0.958881 0.020425 102.205833 -0.932272 0.280094 -0.228945 37.641228 0.000000 0.000000 0.000000 1.000000
-0.613480 0.164655 0.772355 -3.444350 0.283073 0.958881 0.020425 102.205841 -0.737233 0.231163 -0.634863 46.270004 0.000000 0.000000 0.000000 1.000000
-0.875818 0.249755 0.412995 1.059236 0.283073 0.958881 0.020425 102.205818 -0.390912 0.134796 -0.910504 52.968613 0.000000 0.000000 0.000000 1.000000
-0.958437 0.283604 -0.031112 5.345463 0.283073 0.958881 0.020425 102.205833 0.035626 0.010769 -0.999307 57.623245 0.000000 0.000000 0.000000 1.000000
-0.844381 0.259258 -0.468836 8.534781 0.283073 0.958881 0.020425 102.205818 0.454853 -0.115468 -0.883049 60.539520 0.000000 0.000000 0.000000 1.000000
-0.557055 0.181710 -0.810352 9.972733 0.283073 0.958881 0.020425 102.205818 0.780743 -0.218011 -0.585587 62.379753 0.000000 0.000000 0.000000 1.000000
-0.155420 0.066875 -0.985582 9.364250 0.283073 0.958881 0.020425 102.205833 0.946422 -0.275817 -0.167960 64.027100 0.000000 0.000000 0.000000 1.000000
0.278108 -0.061683 -0.958567 6.834204 0.283073 0.958881 0.020425 102.205841 0.917892 -0.277025 0.284133 66.404305 0.000000 0.000000 0.000000 1.000000
0.654567 -0.177583 -0.734851 2.901737 0.283073 0.958881 0.020425 102.205841 0.701008 -0.221386 0.677920 70.284279 0.000000 0.000000 0.000000 1.000000
0.896706 -0.257043 -0.360342 -1.626154 0.283073 0.958881 0.020425 102.205826 0.340275 -0.120318 0.932597 76.131607 0.000000 0.000000 0.000000 1.000000
0.954840 -0.283757 0.088111 -5.820363 0.283073 0.958881 0.020425 102.205849 -0.090283 0.005439 0.995901 84.007217 0.000000 0.000000 0.000000 1.000000
0.817037 -0.252243 0.518483 -8.820225 0.283073 0.958881 0.020425 102.205833 -0.502315 0.130081 0.854844 93.555717 0.000000 0.000000 0.000000 1.000000
0.511575 -0.168968 0.842461 -10.010130 0.283073 0.958881 0.020425 102.205841 -0.811271 0.228029 0.538370 104.078476 0.000000 0.000000 0.000000 1.000000
0.101137 -0.051020 0.993563 -9.145945 0.283073 0.958881 0.020425 102.205833 -0.953751 0.279185 0.111420 114.677040 0.000000 0.000000 0.000000 1.000000
-0.330055 0.077397 0.940783 -6.404962 0.283073 0.958881 0.020425 102.205841 -0.900518 0.273052 -0.338393 124.437225 0.000000 0.000000 0.000000 1.000000
-0.693518 0.189932 0.694952 -2.349681 0.283073 0.958881 0.020425 102.205818 -0.662497 0.210887 -0.718766 132.617020 0.000000 0.000000 0.000000 1.000000
-0.914670 0.263492 0.306513 2.187775 0.283073 0.958881 0.020425 102.205841 -0.288528 0.105447 -0.951647 138.798630 0.000000 0.000000 0.000000 1.000000
-0.948128 0.282983 -0.144821 6.276275 0.283073 0.958881 0.020425 102.205841 0.144646 -0.021630 -0.989247 142.974396 0.000000 0.000000 0.000000 1.000000
-0.787027 0.244405 -0.566440 9.076886 0.283073 0.958881 0.020425 102.205833 0.548141 -0.144269 -0.823850 145.548126 0.000000 0.000000 0.000000 1.000000
-0.464426 0.155675 -0.871822 10.014874 0.283073 0.958881 0.020425 102.205833 0.839153 -0.237303 -0.489397 147.252487 0.000000 0.000000 0.000000 1.000000
-0.046524 0.034999 -0.998304 8.897797 0.283073 0.958881 0.020425 102.205841 0.957969 -0.281642 -0.054518 148.998566 0.000000 0.000000 0.000000 1.000000
0.380926 -0.092859 -0.919931 5.954839 0.283073 0.958881 0.020424 102.205811 0.880207 -0.268188 0.391549 151.688660 0.000000 0.000000 0.000000 1.000000
0.730208 -0.201661 -0.652785 1.789951 0.283073 0.958881 0.020424 102.205833 0.621825 -0.199700 0.757268 156.031693 0.000000 0.000000 0.000000 1.000000
0.929650 -0.269082 -0.251685 -2.742256 0.283073 0.958881 0.020424 102.205849 0.235840 -0.090233 0.967594 162.397186 0.000000 0.000000 0.000000 1.000000
0.938324 -0.281287 0.201060 -6.711736 0.283073 0.958881 0.020424 102.205833 -0.198538 0.037750 0.979366 170.739517 0.000000 0.000000 0.000000 1.000000
0.754452 -0.235771 0.612547 -9.303946 0.283073 0.958881 0.020425 102.205818 -0.592176 0.157986 0.790170 180.607727 0.000000 0.000000 0.000000 1.000000
0.415763 -0.141873 0.898339 -9.986955 0.283073 0.958881 0.020425 102.205856 -0.864298 0.245803 0.438828 191.237701 0.000000 0.000000 0.000000 1.000000
-0.008241 -0.018864 0.999788 -8.620619 0.283073 0.958881 0.020425 102.205833 -0.959063 0.283181 -0.002562 201.708649 0.000000 0.000000 0.000000 1.000000
-0.430554 0.108018 0.896078 -5.485304 0.283073 0.958881 0.020424 102.205818 -0.857025 0.262449 -0.443427 211.132843 0.000000 0.000000 0.000000 1.000000
-0.764517 0.212733 0.608488 -1.224370 0.283073 0.958881 0.020425 102.205833 -0.579122 0.187862 -0.793300 218.837082 0.000000 0.000000 0.000000 1.000000
-0.941598 0.273795 0.196036 3.287786 0.283073 0.958881 0.020425 102.205856 -0.182383 0.074725 -0.980384 224.501236 0.000000 0.000000 0.000000 1.000000
-0.925459 0.278673 -0.256644 7.125305 0.283073 0.958881 0.020425 102.205841 0.251783 -0.053746 -0.966290 228.223679 0.000000 0.000000 0.000000 1.000000
-0.719414 0.226367 -0.656659 9.500660 0.283073 0.958881 0.020425 102.205833 0.634281 -0.171189 -0.753911 230.501556 0.000000 0.000000 0.000000 1.000000
-0.365743 0.127609 -0.921926 9.926463 0.283073 0.958881 0.020425 102.205833 0.886624 -0.253502 -0.386827 232.127899 0.000000 0.000000 0.000000 1.000000
0.062980 0.002666 -0.998011 8.315332 0.283073 0.958881 0.020425 102.205833 0.957028 -0.283796 0.059636 234.029938 0.000000 0.000000 0.000000 1.000000
0.478781 -0.122825 -0.869300 4.997832 0.283073 0.958881 0.020425 102.205833 0.831046 -0.255854 0.493863 237.078094 0.000000 0.000000 0.000000 1.000000
0.796332 -0.223111 -0.562208 0.654803 0.283073 0.958881 0.020426 102.205833 0.534533 -0.175411 0.826744 241.907654 0.000000 0.000000 0.000000 1.000000
0.950474 -0.277614 -0.139748 -3.822610 0.283073 0.958881 0.020425 102.205849 0.128331 -0.058972 0.989976 248.788223 0.000000 0.000000 0.000000 1.000000
0.909577 -0.275150 0.311388 -7.515608 0.283073 0.958881 0.020424 102.205841 -0.304204 0.069568 0.950063 257.568817 0.000000 0.000000 0.000000 1.000000
0.682031 -0.216224 0.698628 -9.666394 0.283073 0.958881 0.020425 102.205849 -0.674317 0.183832 0.715194 267.708344 0.000000 0.000000 0.000000 1.000000
0.314529 -0.112928 0.942507 -9.833594 0.283073 0.958881 0.020424 102.205826 -0.906058 0.260374 0.333562 278.386688 0.000000 0.000000 0.000000 1.000000
-0.117514 0.013540 0.992979 -7.982907 0.283073 0.958881 0.020425 102.205833 -0.951872 0.283485 -0.116515 288.673737 0.000000 0.000000 0.000000 1.000000
-0.525441 0.137231 0.839690 -4.494136 0.283073 0.958881 0.020424 102.205826 -0.802360 0.248425 -0.542681 297.719116 0.000000 0.000000 0.000000 1.000000
-0.825547 0.232760 0.514095 -0.083133 0.283073 0.958881 0.020426 102.205841 -0.488202 0.162389 -0.857490 304.927582 0.000000 0.000000 0.000000 1.000000
-0.956250 0.280528 0.083004 4.344944 0.283073 0.958881 0.020424 102.205833 -0.073861 0.043027 -0.996340 310.080475 0.000000 0.000000 0.000000 1.000000
-0.890726 0.270730 -0.365120 7.881415 0.283073 0.958881 0.020425 102.205856 0.355636 -0.085163 -0.930736 313.381348 0.000000 0.000000 0.000000 1.000000
-0.642422 0.205378 -0.738319 9.800585 0.283073 0.958881 0.020426 102.205833 0.712155 -0.195876 -0.674143 315.413513 0.000000 0.000000 0.000000 1.000000
-0.262291 0.097880 -0.960012 9.708639 0.283073 0.958881 0.020425 102.205841 0.922536 -0.266396 -0.279213 317.020782 0.000000 0.000000 0.000000 1.000000
0.171660 -0.029701 -0.984708 7.624481 0.283073 0.958881 0.020425 102.205849 0.943611 -0.282250 0.173010 319.134216 0.000000 0.000000 0.000000 1.000000
0.570390 -0.151189 -0.807340 3.975727 0.283073 0.958881 0.020425 102.205841 0.771055 -0.240186 0.589733 322.580627 0.000000 0.000000 0.000000 1.000000
0.852073 -0.241651 -0.464302 -0.488853 0.283073 0.958881 0.020425 102.205841 0.440275 -0.148835 0.885441 327.913818 0.000000 0.000000 0.000000 1.000000</float_array>
        <technique_common>
          <accessor source="#mixamorig_Hips-Matrix-animation-output-transform-array" count="56" stride="16">
            <param type="float4x4"/>
          </accessor>
        </technique_common>
      </source>
      <source id="mixamorig_Hips-Interpolations">
        <Name_array id="mixamorig_Hips-Interpolations-array" count="56">
 LINEAR LINEAR LINEAR LINEAR LINEAR LINEAR LINEAR LINEAR LINEAR LINEAR LINEAR
LINEAR LINEAR LINEAR LINEAR LINEAR LINEAR LINEAR LINEAR LINEAR LINEAR LINEAR LINEAR
LINEAR LINEAR LINEAR LINEAR LINEAR LINEAR LINEAR LINEAR LINEAR LINEAR LINEAR LINEAR
LINEAR LINEAR LINEAR LINEAR LINEAR LINEAR LINEAR LINEAR LINEAR LINEAR LINEAR LINEAR
LINEAR LINEAR LINEAR LINEAR LINEAR LINEAR LINEAR LINEAR LINEAR</Name_array>
        <technique_common>
          <accessor source="#mixamorig_Hips-Interpolations-array" count="56">
            <param type="name"/>
          </accessor>
        </technique_common>
      </source>
      <sampler id="mixamorig_Hips-Matrix-animation-transform">
        <input semantic="INPUT" source="#mixamorig_Hips-Matrix-animation-input"/>
        <input semantic="OUTPUT" source="#mixamorig_Hips-Matrix-animation-output-transform"/>
        <input semantic="INTERPOLATION" source="#mixamorig_Hips-Interpolations"/>
      </sampler>
      <channel source="#mixamorig_Hips-Matrix-animation-transform" target="mixamorig_Hips/matrix"/>
    </animation>
    <animation id="mixamorig_Spine-anim" name="mixamorig_Spine">
      <source id="mixamorig_Spine-Matrix-animation-input">
        <float_array id="mixamorig_Spine-Matrix-animation-input-array" count="56">

0.000000 0.033333 0.066667 0.100000 0.133333 0.166667 0.200000 0.233333 0.266667 0.300000 0.333333 0.366667 0.400000 0.433333 0.466667 0.500000
0.533333 0.566667 0.600000 0.633333 0.666667 0.700000 0.733333 0.766667 0.800000 0.833333 0.866667 0.900000 0.933333 0.966667 1.000000 1.033333
1.066667 1.100000 1.133333 1.166667 1.200000 1.233333 1.266667 1.300000 1.333333 1.366667 1.400000 1.433333 1.466667 1.500000 1.533333 1.566667
1.600000 1.633333 1.666667 1.700000 1.733333 1.766667 1.800000 1.833333</float_array>
        <technique_common>
          <accessor source="#mixamorig_Spine-Matrix-animation-input-array" count="56">
            <param name="TIME" type="float"/>
          </accessor>
        </technique_common>
      </source>
      <source id="mixamorig_Spine-Matrix-animation-output-transform">
        <float_array id="mixamorig_Spine-Matrix-animation-output-transform-array" count="896">

0.914944 0.249854 0.316939 -0.002400 -0.185171 0.957670 -0.220410 12.777500 -0.358593 0.142975 0.922480 0.315300 0.000000 0.000000 0.000000 1.000000
0.914944 0.249854 0.316939 -0.002400 -0.185171 0.957670 -0.220410 12.777500 -0.358593 0.142975 0.922480 0.315300 0.000000 0.000000 0.000000 1.000000
0.914944 0.249854 0.316939 -0.002400 -0.185171 0.957670 -0.220410 12.777500 -0.358593 0.142975 0.922480 0.315300 0.000000 0.000000 0.000000 1.000000
0.914944 0.249854 0.316939 -0.002400 -0.185171 0.957670 -0.220410 12.777500 -0.358593 0.142975 0.922480 0.315300 0.000000 0.000000 0.000000 1.000000
0.914944 0.249854 0.316939 -0.002400 -0.185171 0.957670 -0.220410 12.777500 -0.358593 0.142975 0.922480 0.315300 0.000000 0.000000 0.000000 1.000000
0.914944 0.249854 0.316939 -0.002400 -0.185171 0.957670 -0.220410 12.777500 -0.358593 0.142975 0.922480 0.315300 0.000000 0.000000 0.000000 1.000000
0.914944 0.249854 0.316938 -0.002400 -0.185171 0.957670 -0.220410 12.777500 -0.358592 0.142975 0.922480 0.315300 0.000000 0.000000 0.000000 1.000000
0.914944 0.249854 0.316938 -0.002400 -0.185171 0.957670 -0.220410 12.777500 -0.358593 0.142975 0.922480 0.315300 0.000000 0.000000 0.000000 1.000000
0.914944 0.249854 0.316939 -0.002400 -0.185171 0.957670 -0.220410 12.777500 -0.358593 0.142975 0.922480 0.315300 0.000000 0.000000 0.000000 1.000000
0.914944 0.249854 0.316938 -0.002400 -0.185171 0.957670 -0.220410 12.777500 -0.358593 0.142975 0.922480 0.315300 0.000000 0.000000 0.000000 1.000000
0.914944 0.249854 0.316940 -0.002400 -0.185171 0.957670 -0.220410 12.777500 -0.358594 0.142975 0.922480 0.315300 0.000000 0.000000 0.000000 1.000000
0.914944 0.249854 0.316938 -0.002400 -0.185171 0.957670 -0.220410 12.777500 -0.358593 0.142975 0.922480 0.315300 0.000000 0.000000 0.000000 1.000000
0.914944 0.249854 0.316938 -0.002400 -0.185171 0.957670 -0.220410 12.777500 -0.358592 0.142975 0.922480 0.315300 0.000000 0.000000 0.000000 1.000000
0.914944 0.249854 0.316939 -0.002400 -0.185171 0.957670 -0.220410 12.777500 -0.358593 0.142975 0.922480 0.315300 0.000000 0.000000 0.000000 1.000000
0.914944 0.249854 0.316939 -0.002400 -0.185171 0.957670 -0.220410 12.777500 -0.358593 0.142975 0.922480 0.315300 0.000000 0.000000 0.000000 1.000000
0.914944 0.249854 0.316938 -0.002400 -0.185171 0.957670 -0.220410 12.777500 -0.358593 0.142975 0.922480 0.315300 0.000000 0.000000 0.000000 1.000000
0.914944 0.249854 0.316938 -0.002400 -0.185171 0.957670 -0.220410 12.777500 -0.358593 0.142975 0.922480 0.315300 0.000000 0.000000 0.000000 1.000000
0.914944 0.249854 0.316938 -0.002400 -0.185171 0.957670 -0.220410 12.777500 -0.358592 0.142975 0.922480 0.315300 0.000000 0.000000 0.000000 1.000000
0.914945 0.249854 0.316938 -0.002400 -0.185171 0.957670 -0.220410 12.777500 -0.358592 0.142975 0.922480 0.315300 0.000000 0.000000 0.000000 1.000000
0.914944 0.249854 0.316940 -0.002400 -0.185171 0.957670 -0.220410 12.777500 -0.358594 0.142975 0.922480 0.315300 0.000000 0.000000 0.000000 1.000000
0.914944 0.249854 0.316939 -0.002400 -0.185171 0.957670 -0.220410 12.777500 -0.358593 0.142975 0.922480 0.315300 0.000000 0.000000 0.000000 1.000000
0.914944 0.249854 0.316939 -0.002400 -0.185171 0.957670 -0.220410 12.777500 -0.358593 0.142975 0.922480 0.315300 0.000000 0.000000 0.000000 1.000000
0.914944 0.249854 0.316939 -0.002400 -0.185171 0.957670 -0.220410 12.777500 -0.358593 0.142975 0.922480 0.315300 0.000000 0.000000 0.000000 1.000000
0.914944 0.249854 0.316939 -0.002400 -0.185171 0.957670 -0.220410 12.777500 -0.358593 0.142975 0.922480 0.315300 0.000000 0.000000 0.000000 1.000000
0.914944 0.249854 0.316939 -0.002400 -0.185171 0.957670 -0.220410 12.777500 -0.358594 0.142975 0.922480 0.315300 0.000000 0.000000 0.000000 1.000000
0.914945 0.249854 0.316938 -0.002400 -0.185171 0.957670 -0.220410 12.777500 -0.358592 0.142975 0.922480 0.315300 0.000000 0.000000 0.000000 1.000000
0.914944 0.249854 0.316939 -0.002400 -0.185171 0.957670 -0.220410 12.777500 -0.358593 0.142975 0.922480 0.315300 0.000000 0.000000 0.000000 1.000000
0.914944 0.249854 0.316939 -0.002400 -0.185171 0.957670 -0.220410 12.777500 -0.358593 0.142975 0.922480 0.315300 0.000000 0.000000 0.000000 1.000000
0.914944 0.249854 0.316939 -0.002400 -0.185171 0.957670 -0.220410 12.777500 -0.358593 0.142975 0.922480 0.315300 0.000000 0.000000 0.000000 1.000000
0.914944 0.249854 0.316939 -0.002400 -0.185171 0.957670 -0.220410 12.777500 -0.358593 0.142975 0.922480 0.315300 0.000000 0.000000 0.000000 1.000000
0.914944 0.249854 0.316938 -0.002400 -0.185171 0.957670 -0.220410 12.777500 -0.358592 0.142975 0.922480 0.315300 0.000000 0.000000 0.000000 1.000000
0.914944 0.249854 0.316939 -0.002400 -0.185171 0.957670 -0.220410 12.777500 -0.358593 0.142975 0.922480 0.315300 0.000000 0.000000 0.000000 1.000000
0.914944 0.249854 0.316938 -0.002400 -0.185171 0.957670 -0.220410 12.777500 -0.358592 0.142975 0.922480 0.315300 0.000000 0.000000 0.000000 1.000000
0.914944 0.249854 0.316939 -0.002400 -0.185171 0.957670 -0.220410 12.777500 -0.358593 0.142975 0.922480 0.315300 0.000000 0.000000 0.000000 1.000000
0.914944 0.249854 0.316939 -0.002400 -0.185171 0.957670 -0.220410 12.777500 -0.358593 0.142975 0.922480 0.315300 0.000000 0.000000 0.000000 1.000000
0.914944 0.249854 0.316939 -0.002400 -0.185171 0.957670 -0.220410 12.777500 -0.358593 0.142975 0.922480 0.315300 0.000000 0.000000 0.000000 1.000000
0.914944 0.249854 0.316939 -0.002400 -0.185171 0.957670 -0.220410 12.777500 -0.358593 0.142975 0.922480 0.315300 0.000000 0.000000 0.000000 1.000000
0.914944 0.249854 0.316939 -0.002400 -0.185171 0.957670 -0.220410 12.777500 -0.358593 0.142975 0.922480 0.315300 0.000000 0.000000 0.000000 1.000000
0.914944 0.249854 0.316938 -0.002400 -0.185171 0.957670 -0.220410 12.777500 -0.358592 0.142975 0.922480 0.315300 0.000000 0.000000 0.000000 1.000000
0.914944 0.249854 0.316939 -0.002400 -0.185171 0.957670 -0.220410 12.777500 -0.358593 0.142975 0.922480 0.315300 0.000000 0.000000 0.000000 1.000000
0.914944 0.249854 0.316938 -0.002400 -0.185171 0.957670 -0.220410 12.777500 -0.358593 0.142975 0.922480 0.315300 0.000000 0.000000 0.000000 1.000000
0.914944 0.249854 0.316939 -0.002400 -0.185171 0.957670 -0.220410 12.777500 -0.358593 0.142975 0.922480 0.315300 0.000000 0.000000 0.000000 1.000000
0.914944 0.249854 0.316938 -0.002400 -0.185171 0.957670 -0.220410 12.777500 -0.358593 0.142975 0.922480 0.315300 0.000000 0.000000 0.000000 1.000000
0.914944 0.249854 0.316939 -0.002400 -0.185171 0.957670 -0.220410 12.777500 -0.358593 0.142975 0.922480 0.315300 0.000000 0.000000 0.000000 1.000000
0.914944 0.249854 0.316939 -0.002400 -0.185171 0.957670 -0.220410 12.777500 -0.358593 0.142975 0.922480 0.315300 0.000000 0.000000 0.000000 1.000000
0.914944 0.249854 0.316939 -0.002400 -0.185171 0.957670 -0.220410 12.777500 -0.358593 0.142975 0.922480 0.315300 0.000000 0.000000 0.000000 1.000000
0.914944 0.249854 0.316938 -0.002400 -0.185171 0.957670 -0.220410 12.777500 -0.358592 0.142975 0.922480 0.315300 0.000000 0.000000 0.000000 1.000000
0.914944 0.249854 0.316938 -0.002400 -0.185171 0.957670 -0.220410 12.777500 -0.358592 0.142975 0.922480 0.315300 0.000000 0.000000 0.000000 1.000000
0.914944 0.249854 0.316939 -0.002400 -0.185171 0.957670 -0.220410 12.777500 -0.358593 0.142975 0.922480 0.315300 0.000000 0.000000 0.000000 1.000000
0.914944 0.249854 0.316939 -0.002400 -0.185171 0.957670 -0.220410 12.777500 -0.358593 0.142975 0.922480 0.315300 0.000000 0.000000 0.000000 1.000000
0.914944 0.249854 0.316939 -0.002400 -0.185171 0.957670 -0.220410 12.777500 -0.358593 0.142975 0.922480 0.315300 0.000000 0.000000 0.000000 1.000000
0.914944 0.249854 0.316938 -0.002400 -0.185171 0.957670 -0.220410 12.777500 -0.358593 0.142975 0.922480 0.315300 0.000000 0.000000 0.000000 1.000000
0.914944 0.249854 0.316939 -0.002400 -0.185171 0.957670 -0.220410 12.777500 -0.358593 0.142975 0.922480 0.315300 0.000000 0.000000 0.000000 1.000000
0.914944 0.249854 0.316938 -0.002400 -0.185171 0.957670 -0.220410 12.777500 -0.358592 0.142975 0.922480 0.315300 0.000000 0.000000 0.000000 1.000000
0.914944 0.249854 0.316939 -0.002400 -0.185171 0.957670 -0.220410 12.777500 -0.358593 0.142975 0.922480 0.315300 0.000000 0.000000 0.000000 1.000000
0.914944 0.249854 0.316939 -0.002400 -0.185171 0.957670 -0.220410 12.777500 -0.358593 0.142975 0.922480 0.315300 0.000000 0.000000 0.000000 1.000000</float_array>
        <technique_common>
          <accessor source="#mixamorig_Spine-Matrix-animation-output-transform-array" count="56" stride="16">
            <param type="float4x4"/>
          </accessor>
        </technique_common>
      </source>
      <source id="mixamorig_Spine-Interpolations">
        <Name_array id="mixamorig_Spine-Interpolations-array" count="56">
 LINEAR LINEAR LINEAR LINEAR LINEAR LINEAR LINEAR LINEAR LINEAR LINEAR LINEAR
LINEAR LINEAR LINEAR LINEAR LINEAR LINEAR LINEAR LINEAR LINEAR LINEAR LINEAR LINEAR
LINEAR LINEAR LINEAR LINEAR LINEAR LINEAR LINEAR LINEAR LINEAR LINEAR LINEAR LINEAR
LINEAR LINEAR LINEAR LINEAR LINEAR LINEAR LINEAR LINEAR LINEAR LINEAR LINEAR LINEAR
LINEAR LINEAR LINEAR LINEAR LINEAR LINEAR LINEAR LINEAR LINEAR</Name_array>
        <technique_common>
          <accessor source="#mixamorig_Spine-Interpolations-array" count="56">
            <param type="name"/>
          </accessor>
        </technique_common>
      </source>
      <sampler id="mixamorig_Spine-Matrix-animation-transform">
        <input semantic="INPUT" source="#mixamorig_Spine-Matrix-animation-input"/>
        <input semantic="OUTPUT" source="#mixamorig_Spine-Matrix-animation-output-transform"/>
        <input semantic="INTERPOLATION" source="#mixamorig_Spine-Interpolations"/>
      </sampler>
      <channel source="#mixamorig_Spine-Matrix-animation-transform" target="mixamorig_Spine/matrix"/>
    </animation>
    <animation id="mixamorig_Spine1-anim" name="mixamorig_Spine1">
      <source id="mixamorig_Spine1-Matrix-animation-input">
        <float_array id="mixamorig_Spine1-Matrix-animation-input-array" count="56">

0.000000 0.033333 0.066667 0.100000 0.133333 0.166667 0.200000 0.233333 0.266667 0.300000 0.333333 0.366667 0.400000 0.433333 0.466667 0.500000
0.533333 0.566667 0.600000 0.633333 0.666667 0.700000 0.733333 0.766667 0.800000 0.833333 0.866667 0.900000 0.933333 0.966667 1.000000 1.033333
1.066667 1.100000 1.133333 1.166667 1.200000 1.233333 1.266667 1.300000 1.333333 1.366667 1.400000 1.433333 1.466667 1.500000 1.533333 1.566667
1.600000 1.633333 1.666667 1.700000 1.733333 1.766667 1.800000 1.833333</float_array>
        <technique_common>
          <accessor source="#mixamorig_Spine1-Matrix-animation-input-array" count="56">
            <param name="TIME" type="float"/>
          </accessor>
        </technique_common>
      </source>
      <source id="mixamorig_Spine1-Matrix-animation-output-transform">
        <float_array id="mixamorig_Spine1-Matrix-animation-output-transform-array" count="896">

0.921541 0.081984 0.379527 0.000000 -0.025107 0.987991 -0.152458 8.792700 -0.387468 0.130967 0.912533 0.000000 0.000000 0.000000 0.000000 1.000000
0.921541 0.081984 0.379527 -0.000000 -0.025107 0.987991 -0.152458 8.792700 -0.387468 0.130967 0.912533 0.000000 0.000000 0.000000 0.000000 1.000000
0.921541 0.081984 0.379527 0.000000 -0.025107 0.987991 -0.152458 8.792700 -0.387468 0.130967 0.912533 0.000000 0.000000 0.000000 0.000000 1.000000
0.921541 0.081984 0.379527 0.000000 -0.025107 0.987991 -0.152458 8.792700 -0.387468 0.130967 0.912533 0.000000 0.000000 0.000000 0.000000 1.000000
0.921541 0.081984 0.379527 0.000000 -0.025107 0.987991 -0.152458 8.792700 -0.387468 0.130967 0.912533 -0.000000 0.000000 0.000000 0.000000 1.000000
0.921541 0.081984 0.379527 -0.000000 -0.025107 0.987991 -0.152458 8.792700 -0.387469 0.130967 0.912533 0.000000 0.000000 0.000000 0.000000 1.000000
0.921541 0.081984 0.379527 0.000000 -0.025107 0.987991 -0.152458 8.792700 -0.387468 0.130967 0.912533 0.000000 0.000000 0.000000 0.000000 1.000000
0.921541 0.081984 0.379527 -0.000000 -0.025107 0.987991 -0.152458 8.792700 -0.387468 0.130967 0.912533 0.000000 0.000000 0.000000 0.000000 1.000000
0.921541 0.081984 0.379527 0.000000 -0.025107 0.987991 -0.152458 8.792700 -0.387468 0.130967 0.912533 0.000000 0.000000 0.000000 0.000000 1.000000
0.921541 0.081984 0.379527 0.000000 -0.025107 0.987991 -0.152458 8.792700 -0.387469 0.130967 0.912533 0.000000 0.000000 0.000000 0.000000 1.000000
0.921541 0.081984 0.379527 0.000000 -0.025107 0.987991 -0.152458 8.792700 -0.387469 0.130967 0.912533 0.000000 0.000000 0.000000 0.000000 1.000000
0.921541 0.081984 0.379527 0.000000 -0.025107 0.987991 -0.152458 8.792700 -0.387468 0.130967 0.912533 0.000000 0.000000 0.000000 0.000000 1.000000
0.921541 0.081984 0.379527 0.000000 -0.025107 0.987991 -0.152458 8.792700 -0.387469 0.130967 0.912533 0.000000 0.000000 0.000000 0.000000 1.000000
0.921541 0.081984 0.379527 0.000000 -0.025107 0.987991 -0.152458 8.792700 -0.387468 0.130967 0.912533 0.000000 0.000000 0.000000 0.000000 1.000000
0.921541 0.081984 0.379527 0.000000 -0.025107 0.987991 -0.152458 8.792700 -0.387468 0.130967 0.912533 0.000000 0.000000 0.000000 0.000000 1.000000
0.921541 0.081984 0.379527 0.000000 -0.025107 0.987991 -0.152458 8.792700 -0.387468 0.130967 0.912533 0.000000 0.000000 0.000000 0.000000 1.000000
0.921541 0.081984 0.379527 0.000000 -0.025107 0.987991 -0.152458 8.792700 -0.387468 0.130967 0.912533 -0.000000 0.000000 0.000000 0.000000 1.000000
0.921541 0.081984 0.379527 0.000000 -0.025107 0.987991 -0.152458 8.792700 -0.387468 0.130967 0.912533 -0.000000 0.000000 0.000000 0.000000 1.000000
0.921541 0.081984 0.379527 0.000000 -0.025107 0.987991 -0.152458 8.792700 -0.387468 0.130967 0.912533 0.000000 0.000000 0.000000 0.000000 1.000000
0.921541 0.081984 0.379527 0.000000 -0.025107 0.987991 -0.152458 8.792700 -0.387468 0.130967 0.912533 0.000000 0.000000 0.000000 0.000000 1.000000
0.921541 0.081984 0.379527 0.000000 -0.025107 0.987991 -0.152458 8.792700 -0.387468 0.130967 0.912533 0.000000 0.000000 0.000000 0.000000 1.000000
0.921541 0.081984 0.379527 0.000000 -0.025107 0.987991 -0.152458 8.792700 -0.387468 0.130967 0.912533 -0.000000 0.000000 0.000000 0.000000 1.000000
0.921541 0.081984 0.379527 0.000000 -0.025107 0.987991 -0.152458 8.792700 -0.387468 0.130967 0.912533 0.000000 0.000000 0.000000 0.000000 1.000000
0.921541 0.081984 0.379527 0.000000 -0.025107 0.987991 -0.152458 8.792700 -0.387469 0.130967 0.912533 0.000000 0.000000 0.000000 0.000000 1.000000
0.921541 0.081984 0.379527 0.000000 -0.025107 0.987991 -0.152458 8.792700 -0.387468 0.130967 0.912533 0.000000 0.000000 0.000000 0.000000 1.000000
0.921541 0.081984 0.379527 0.000000 -0.025107 0.987991 -0.152458 8.792700 -0.387468 0.130967 0.912533 0.000000 0.000000 0.000000 0.000000 1.000000
0.921541 0.081984 0.379527 0.000000 -0.025107 0.987991 -0.152458 8.792700 -0.387468 0.130967 0.912533 -0.000000 0.000000 0.000000 0.000000 1.000000
0.921541 0.081984 0.379527 0.000000 -0.025107 0.987991 -0.152458 8.792700 -0.387468 0.130967 0.912533 0.000000 0.000000 0.000000 0.000000 1.000000
0.921541 0.081984 0.379527 -0.000000 -0.025107 0.987991 -0.152458 8.792700 -0.387468 0.130967 0.912533 0.000000 0.000000 0.000000 0.000000 1.000000
0.921541 0.081984 0.379527 0.000000 -0.025107 0.987991 -0.152458 8.792700 -0.387468 0.130967 0.912533 -0.000000 0.000000 0.000000 0.000000 1.000000
0.921541 0.081984 0.379527 0.000000 -0.025107 0.987991 -0.152458 8.792700 -0.387469 0.130967 0.912533 0.000000 0.000000 0.000000 0.000000 1.000000
0.921541 0.081984 0.379527 0.000000 -0.025107 0.987991 -0.152458 8.792700 -0.387468 0.130967 0.912533 0.000000 0.000000 0.000000 0.000000 1.000000
0.921541 0.081984 0.379527 0.000000 -0.025107 0.987991 -0.152458 8.792700 -0.387468 0.130967 0.912533 0.000000 0.000000 0.000000 0.000000 1.000000
0.921541 0.081984 0.379527 0.000000 -0.025107 0.987991 -0.152458 8.792700 -0.387468 0.130967 0.912533 0.000000 0.000000 0.000000 0.000000 1.000000
0.921541 0.081984 0.379527 0.000000 -0.025107 0.987991 -0.152458 8.792700 -0.387468 0.130967 0.912533 0.000000 0.000000 0.000000 0.000000 1.000000
0.921541 0.081984 0.379527 0.000000 -0.025107 0.987991 -0.152458 8.792700 -0.387468 0.130967 0.912533 0.000000 0.000000 0.000000 0.000000 1.000000
0.921541 0.081984 0.379527 0.000000 -0.025107 0.987991 -0.152458 8.792700 -0.387469 0.130967 0.912533 -0.000000 0.000000 0.000000 0.000000 1.000000
0.921541 0.081984 0.379527 0.000000 -0.025107 0.987991 -0.152458 8.792700 -0.387468 0.130967 0.912533 0.000000 0.000000 0.000000 0.000000 1.000000
0.921541 0.081984 0.379527 0.000000 -0.025107 0.987991 -0.152458 8.792700 -0.387468 0.130967 0.912533 0.000000 0.000000 0.000000 0.000000 1.000000
0.921541 0.081984 0.379527 0.000000 -0.025107 0.987991 -0.152458 8.792700 -0.387468 0.130967 0.912533 0.000000 0.000000 0.000000 0.000000 1.000000
0.921541 0.081984 0.379527 0.000000 -0.025107 0.987991 -0.152458 8.792700 -0.387468 0.130967 0.912533 0.000000 0.000000 0.000000 0.000000 1.000000
0.921541 0.081984 0.379527 0.000000 -0.025107 0.987991 -0.152458 8.792700 -0.387468 0.130967 0.912533 0.000000 0.000000 0.000000 0.000000 1.000000
0.921541 0.081984 0.379527 0.000000 -0.025107 0.987991 -0.152458 8.792700 -0.387468 0.130967 0.912533 0.000000 0.000000 0.000000 0.000000 1.000000
0.921541 0.081984 0.379527 0.000000 -0.025107 0.987991 -0.152458 8.792700 -0.387468 0.130967 0.912533 0.000000 0.000000 0.000000 0.000000 1.000000
0.921541 0.081984 0.379527 -0.000000 -0.025107 0.987991 -0.152458 8.792700 -0.387468 0.130967 0.912533 0.000000 0.000000 0.000000 0.000000 1.000000
0.921541 0.081984 0.379527 -0.000000 -0.025107 0.987991 -0.152458 8.792700 -0.387468 0.130967 0.912533 0.000000 0.000000 0.000000 0.000000 1.000000
0.921541 0.081984 0.379527 0.000000 -0.025107 0.987991 -0.152458 8.792700 -0.387469 0.130967 0.912533 0.000000 0.000000 0.000000 0.000000 1.000000
0.921541 0.081984 0.379527 0.000000 -0.025107 0.987991 -0.152458 8.792700 -0.387468 0.130967 0.912533 -0.000000 0.000000 0.000000 0.000000 1.000000
0.921541 0.081984 0.379527 -0.000000 -0.025107 0.987991 -0.152458 8.792700 -0.387468 0.130967 0.912533 0.000000 0.000000 0.000000 0.000000 1.000000
0.921541 0.081984 0.379527 0.000000 -0.025107 0.987991 -0.152458 8.792700 -0.387468 0.130967 0.912533 -0.000000 0.000000 0.000000 0.000000 1.000000
0.921541 0.081984 0.379527 0.000000 -0.025107 0.987991 -0.152458 8.792700 -0.387468 0.130967 0.912533 -0.000000 0.000000 0.000000 0.000000 1.000000
0.921541 0.081984 0.379527 -0.000000 -0.025107 0.987991 -0.152458 8.792700 -0.387468 0.130967 0.912533 0.000000 0.000000 0.000000 0.000000 1.000000
0.921541 0.081984 0.379527 -0.000000 -0.025107 0.987991 -0.152458 8.792700 -0.387468 0.130967 0.912533 -0.000000 0.000000 0.000000 0.000000 1.000000
0.921541 0.081984 0.379527 -0.000000 -0.025107 0.987991 -0.152458 8.792700 -0.387469 0.130967 0.912533 0.000000 0.000000 0.000000 0.000000 1.000000
0.921541 0.081984 0.379527 0.000000 -0.025107 0.987991 -0.152458 8.792700 -0.387468 0.130967 0.912533 0.000000 0.000000 0.000000 0.000000 1.000000
0.921541 0.081984 0.379527 0.000000 -0.025107 0.987991 -0.152458 8.792700 -0.387468 0.130967 0.912533 0.000000 0.000000 0.000000 0.000000 1.000000</float_array>
        <technique_common>
          <accessor source="#mixamorig_Spine1-Matrix-animation-output-transform-array" count="56" stride="16">
            <param type="float4x4"/>
          </accessor>
        </technique_common>
      </source>
      <source id="mixamorig_Spine1-Interpolations">
        <Name_array id="mixamorig_Spine1-Interpolations-array" count="56">
 LINEAR LINEAR LINEAR LINEAR LINEAR LINEAR LINEAR LINEAR LINEAR LINEAR LINEAR
LINEAR LINEAR LINEAR LINEAR LINEAR LINEAR LINEAR LINEAR LINEAR LINEAR LINEAR LINEAR
LINEAR LINEAR LINEAR LINEAR LINEAR LINEAR LINEAR LINEAR LINEAR LINEAR LINEAR LINEAR
LINEAR LINEAR LINEAR LINEAR LINEAR LINEAR LINEAR LINEAR LINEAR LINEAR LINEAR LINEAR
LINEAR LINEAR LINEAR LINEAR LINEAR LINEAR LINEAR LINEAR LINEAR</Name_array>
        <technique_common>
          <accessor source="#mixamorig_Spine1-Interpolations-array" count="56">
            <param type="name"/>
          </accessor>
        </technique_common>
      </source>
      <sampler id="mixamorig_Spine1-Matrix-animation-transform">
        <input semantic="INPUT" source="#mixamorig_Spine1-Matrix-animation-input"/>
        <input semantic="OUTPUT" source="#mixamorig_Spine1-Matrix-animation-output-transform"/>
        <input semantic="INTERPOLATION" source="#mixamorig_Spine1-Interpolations"/>
      </sampler>
      <channel source="#mixamorig_Spine1-Matrix-animation-transform" target="mixamorig_Spine1/matrix"/>
    </animation>
    <animation id="mixamorig_Spine2-anim" name="mixamorig_Spine2">
      <source id="mixamorig_Spine2-Matrix-animation-input">
        <float_array id="mixamorig_Spine2-Matrix-animation-input-array" count="56">

0.000000 0.033333 0.066667 0.100000 0.133333 0.166667 0.200000 0.233333 0.266667 0.300000 0.333333 0.366667 0.400000 0.433333 0.466667 0.500000
0.533333 0.566667 0.600000 0.633333 0.666667 0.700000 0.733333 0.766667 0.800000 0.833333 0.866667 0.900000 0.933333 0.966667 1.000000 1.033333
1.066667 1.100000 1.133333 1.166667 1.200000 1.233333 1.266667 1.300000 1.333333 1.366667 1.400000 1.433333 1.466667 1.500000 1.533333 1.566667
1.600000 1.633333 1.666667 1.700000 1.733333 1.766667 1.800000 1.833333</float_array>
        <technique_common>
          <accessor source="#mixamorig_Spine2-Matrix-animation-input-array" count="56">
            <param name="TIME" type="float"/>
          </accessor>
        </technique_common>
      </source>
      <source id="mixamorig_Spine2-Matrix-animation-output-transform">
        <float_array id="mixamorig_Spine2-Matrix-animation-output-transform-array" count="896">

0.982706 0.112466 0.147108 0.000000 -0.099262 0.990590 -0.094229 8.651100 -0.156321 0.077998 0.984622 0.000000 0.000000 0.000000 0.000000 1.000000
0.982706 0.112466 0.147108 0.000000 -0.099262 0.990590 -0.094229 8.651100 -0.156321 0.077997 0.984622 0.000000 0.000000 0.000000 0.000000 1.000000
0.982706 0.112466 0.147109 -0.000000 -0.099262 0.990590 -0.094229 8.651100 -0.156322 0.077997 0.984622 0.000000 0.000000 0.000000 0.000000 1.000000
0.982706 0.112466 0.147108 0.000000 -0.099262 0.990590 -0.094229 8.651100 -0.156321 0.077997 0.984622 0.000000 0.000000 0.000000 0.000000 1.000000
0.982706 0.112466 0.147108 0.000000 -0.099262 0.990590 -0.094229 8.651100 -0.156321 0.077997 0.984622 0.000000 0.000000 0.000000 0.000000 1.000000
0.982706 0.112466 0.147108 0.000000 -0.099262 0.990590 -0.094229 8.651100 -0.156321 0.077997 0.984622 -0.000000 0.000000 0.000000 0.000000 1.000000
0.982706 0.112466 0.147108 0.000000 -0.099262 0.990590 -0.094229 8.651100 -0.156321 0.077997 0.984622 0.000000 0.000000 0.000000 0.000000 1.000000
0.982706 0.112466 0.147108 0.000000 -0.099262 0.990590 -0.094229 8.651100 -0.156322 0.077997 0.984622 0.000000 0.000000 0.000000 0.000000 1.000000
0.982706 0.112466 0.147108 0.000000 -0.099262 0.990590 -0.094229 8.651100 -0.156321 0.077997 0.984622 0.000000 0.000000 0.000000 0.000000 1.000000
0.982706 0.112466 0.147108 0.000000 -0.099262 0.990590 -0.094229 8.651100 -0.156321 0.077998 0.984622 0.000000 0.000000 0.000000 0.000000 1.000000
0.982706 0.112466 0.147108 0.000000 -0.099262 0.990590 -0.094229 8.651100 -0.156321 0.077997 0.984622 -0.000000 0.000000 0.000000 0.000000 1.000000
0.982706 0.112466 0.147108 0.000000 -0.099262 0.990590 -0.094229 8.651100 -0.156321 0.077998 0.984622 0.000000 0.000000 0.000000 0.000000 1.000000
0.982706 0.112466 0.147108 0.000000 -0.099262 0.990590 -0.094229 8.651100 -0.156321 0.077997 0.984622 -0.000000 0.000000 0.000000 0.000000 1.000000
0.982706 0.112466 0.147108 0.000000 -0.099262 0.990590 -0.094229 8.651100 -0.156321 0.077998 0.984622 -0.000000 0.000000 0.000000 0.000000 1.000000
0.982706 0.112466 0.147108 0.000000 -0.099262 0.990590 -0.094229 8.651100 -0.156321 0.077997 0.984622 0.000000 0.000000 0.000000 0.000000 1.000000
0.982706 0.112466 0.147108 0.000000 -0.099262 0.990590 -0.094229 8.651100 -0.156322 0.077998 0.984622 0.000000 0.000000 0.000000 0.000000 1.000000
0.982706 0.112466 0.147108 0.000000 -0.099262 0.990590 -0.094229 8.651100 -0.156321 0.077998 0.984622 0.000000 0.000000 0.000000 0.000000 1.000000
0.982706 0.112466 0.147108 0.000000 -0.099262 0.990590 -0.094229 8.651100 -0.156322 0.077998 0.984622 0.000000 0.000000 0.000000 0.000000 1.000000
0.982706 0.112466 0.147108 -0.000000 -0.099262 0.990590 -0.094229 8.651100 -0.156321 0.077997 0.984622 -0.000000 0.000000 0.000000 0.000000 1.000000
0.982706 0.112466 0.147108 -0.000000 -0.099262 0.990590 -0.094229 8.651100 -0.156321 0.077997 0.984622 0.000000 0.000000 0.000000 0.000000 1.000000
0.982706 0.112466 0.147108 0.000000 -0.099262 0.990590 -0.094229 8.651100 -0.156321 0.077998 0.984622 -0.000000 0.000000 0.000000 0.000000 1.000000
0.982706 0.112466 0.147108 -0.000000 -0.099262 0.990590 -0.094229 8.651100 -0.156322 0.077997 0.984622 0.000000 0.000000 0.000000 0.000000 1.000000
0.982706 0.112466 0.147108 0.000000 -0.099262 0.990590 -0.094229 8.651100 -0.156322 0.077997 0.984622 -0.000000 0.000000 0.000000 0.000000 1.000000
0.982706 0.112466 0.147108 0.000000 -0.099262 0.990590 -0.094229 8.651100 -0.156321 0.077997 0.984622 -0.000000 0.000000 0.000000 0.000000 1.000000
0.982706 0.112466 0.147108 -0.000000 -0.099262 0.990590 -0.094229 8.651100 -0.156321 0.077998 0.984622 0.000000 0.000000 0.000000 0.000000 1.000000
0.982706 0.112465 0.147108 0.000000 -0.099262 0.990590 -0.094229 8.651100 -0.156321 0.077997 0.984622 0.000000 0.000000 0.000000 0.000000 1.000000
0.982706 0.112466 0.147108 0.000000 -0.099262 0.990590 -0.094229 8.651100 -0.156321 0.077998 0.984622 0.000000 0.000000 0.000000 0.000000 1.000000
0.982706 0.112466 0.147108 0.000000 -0.099262 0.990590 -0.094229 8.651100 -0.156321 0.077998 0.984622 -0.000000 0.000000 0.000000 0.000000 1.000000
0.982706 0.112466 0.147108 0.000000 -0.099262 0.990590 -0.094229 8.651100 -0.156322 0.077998 0.984622 -0.000000 0.000000 0.000000 0.000000 1.000000
0.982706 0.112466 0.147109 0.000000 -0.099262 0.990590 -0.094229 8.651100 -0.156322 0.077997 0.984622 0.000000 0.000000 0.000000 0.000000 1.000000
0.982706 0.112466 0.147108 0.000000 -0.099262 0.990590 -0.094229 8.651100 -0.156322 0.077997 0.984622 0.000000 0.000000 0.000000 0.000000 1.000000
0.982706 0.112466 0.147108 0.000000 -0.099262 0.990590 -0.094229 8.651100 -0.156322 0.077997 0.984622 0.000000 0.000000 0.000000 0.000000 1.000000
0.982706 0.112466 0.147108 -0.000000 -0.099262 0.990590 -0.094229 8.651100 -0.156321 0.077998 0.984622 0.000000 0.000000 0.000000 0.000000 1.000000
0.982706 0.112466 0.147108 0.000000 -0.099262 0.990590 -0.094229 8.651100 -0.156321 0.077997 0.984622 0.000000 0.000000 0.000000 0.000000 1.000000
0.982706 0.112466 0.147108 0.000000 -0.099262 0.990590 -0.094229 8.651100 -0.156321 0.077997 0.984622 0.000000 0.000000 0.000000 0.000000 1.000000
0.982706 0.112466 0.147108 0.000000 -0.099262 0.990590 -0.094229 8.651100 -0.156322 0.077997 0.984622 -0.000000 0.000000 0.000000 0.000000 1.000000
0.982706 0.112466 0.147108 0.000000 -0.099262 0.990590 -0.094229 8.651100 -0.156321 0.077997 0.984622 -0.000000 0.000000 0.000000 0.000000 1.000000
0.982706 0.112466 0.147109 -0.000000 -0.099262 0.990590 -0.094229 8.651100 -0.156322 0.077997 0.984622 0.000000 0.000000 0.000000 0.000000 1.000000
