<?xml version="1.0" encoding="utf-8"?>
<COLLADA xmlns="http://www.collada.org/2005/11/COLLADASchema" version="1.4.1">
  <asset>
    <contributor>
      <author>Mixamo</author>
      <authoring_tool>COLLADA Mixamo exporter</authoring_tool>
      <comments/>
    </contributor>
    <created>2024-10-12T09:27:42Z</created>
    <modified>2024-10-12T09:27:42Z</modified>
    <revision/>
    <title/>
    <unit meter="0.010000"/>
    <up_axis>Y_UP</up_axis>
  </asset>
  <library_animations>
    <animation id="mixamorig_Hips-anim" name="mixamorig_Hips">
      <source id="mixamorig_Hips-Matrix-animation-input">
        <float_array id="mixamorig_Hips-Matrix-animation-input-array" count="56">

0.000000 0.033333 0.066667 0.100000 0.133333 0.166667 0.200000 0.233333 0.266667 0.300000 0.333333 0.366667 0.400000 0.433333 0.466667 0.500000
0.533333 0.566667 0.600000 0.633333 0.666667 0.700000 0.733333 0.766667 0.800000 0.833333 0.866667 0.900000 0.933333 0.966667 1.000000 1.033333
1.066667 1.100000 1.133333 1.166667 1.200000 1.233333 1.266667 1.300000 1.333333 1.366667 1.400000 1.433333 1.466667 1.500000 1.533333 1.566667
1.600000 1.633333 1.666667 1.700000 1.733333 1.766667 1.800000 1.833333</float_array>
        <technique_common>
          <accessor source="#mixamorig_Hips-Matrix-animation-input-array" count="56">
            <param name="TIME" type="float"/>
          </accessor>
        </technique_common>
      </source>
      <source id="mixamorig_Hips-Matrix-animation-output-transform">
        <float_array id="mixamorig_Hips-Matrix-animation-output-transform-array" count="896">

0.977169 0.090175 -0.192376 0.311837 -0.162706 0.899880 -0.404651 82.486984 0.136626 0.426714 0.894007 0.361214 0.000000 0.000000 0.000000 1.000000
0.978678 0.041973 -0.201066 -0.233143 -0.120963 0.908919 -0.399041 85.105080 0.166004 0.414854 0.894617 6.854774 0.000000 0.000000 0.000000 1.000000
0.984528 -0.001728 -0.175218 -0.902507 -0.069000 0.915339 -0.396729 87.479828 0.161070 0.402680 0.901058 15.178446 0.000000 0.000000 0.000000 1.000000
0.991785 -0.036761 -0.122517 -1.831104 -0.015739 0.915466 -0.402088 89.557388 0.126941 0.400714 0.907367 24.882074 0.000000 0.000000 0.000000 1.000000
0.995305 -0.062970 -0.073496 -2.728559 0.027094 0.910314 -0.413031 90.937378 0.092913 0.409101 0.907747 32.961601 0.000000 0.000000 0.000000 1.000000
0.996648 -0.070372 -0.041713 -3.193280 0.046003 0.903768 -0.425543 91.216019 0.067646 0.422198 0.903976 40.480766 0.000000 0.000000 0.000000 1.000000
0.997280 -0.070038 -0.022963 -3.422324 0.053126 0.898997 -0.434721 91.071495 0.051091 0.432318 0.900273 48.212635 0.000000 0.000000 0.000000 1.000000
0.996656 -0.081575 -0.004754 -3.771112 0.071480 0.898552 -0.433006 90.842522 0.039594 0.431218 0.901379 56.780216 0.000000 0.000000 0.000000 1.000000
0.995118 -0.098695 -0.000373 -4.042880 0.089081 0.899802 -0.427107 89.562454 0.042489 0.424989 0.904201 64.434929 0.000000 0.000000 0.000000 1.000000
0.992888 -0.118972 -0.004367 -4.367914 0.106058 0.900585 -0.421544 86.533195 0.054085 0.418082 0.906798 71.554268 0.000000 0.000000 0.000000 1.000000
0.989961 -0.141220 -0.005863 -4.581850 0.126081 0.901064 -0.414955 85.489441 0.063883 0.410049 0.909823 78.469627 0.000000 0.000000 0.000000 1.000000
0.987810 -0.155635 -0.003113 -4.828951 0.141019 0.903157 -0.405487 85.440308 0.065920 0.400105 0.914095 85.575867 0.000000 0.000000 0.000000 1.000000
0.989397 -0.145230 0.001528 -5.285309 0.134196 0.910101 -0.392055 86.101707 0.055548 0.388103 0.919940 93.756012 0.000000 0.000000 0.000000 1.000000
0.995543 -0.092690 0.017370 -5.627613 0.092428 0.922491 -0.374789 87.282700 0.018716 0.374724 0.926947 102.762779 0.000000 0.000000 0.000000 1.000000
0.996640 -0.024661 0.078100 -6.065181 0.052712 0.922985 -0.381209 89.099937 -0.062684 0.384045 0.921184 112.388573 0.000000 0.000000 0.000000 1.000000
0.989025 0.054591 0.137291 -6.438653 0.005132 0.915979 -0.401192 90.613670 -0.147657 0.397494 0.905647 122.833832 0.000000 0.000000 0.000000 1.000000
0.984237 0.115346 0.134061 -6.758778 -0.051223 0.911472 -0.408161 91.927170 -0.169273 0.394860 0.903013 133.404205 0.000000 0.000000 0.000000 1.000000
0.982446 0.161880 0.092703 -7.002791 -0.108726 0.900713 -0.420588 92.849518 -0.151584 0.403126 0.902503 143.318573 0.000000 0.000000 0.000000 1.000000
0.983016 0.178039 0.044522 -7.283043 -0.137502 0.875187 -0.463832 93.145645 -0.121546 0.449832 0.884804 153.113327 0.000000 0.000000 0.000000 1.000000
0.985556 0.169344 -0.001491 -7.614147 -0.148329 0.858933 -0.490135 93.222664 -0.081721 0.483276 0.871645 162.894196 0.000000 0.000000 0.000000 1.000000
0.986768 0.154944 -0.047764 -7.759668 -0.159563 0.875699 -0.455730 91.458054 -0.028785 0.457322 0.888835 173.569061 0.000000 0.000000 0.000000 1.000000
0.987307 0.138656 -0.077450 -7.935075 -0.158108 0.904226 -0.396708 88.917442 0.015027 0.403918 0.914672 183.197006 0.000000 0.000000 0.000000 1.000000
0.987101 0.136017 -0.084451 -8.449740 -0.157784 0.915896 -0.369105 85.238647 0.027143 0.377669 0.925543 191.751266 0.000000 0.000000 0.000000 1.000000
0.974382 0.195625 -0.110951 -8.936686 -0.223129 0.902652 -0.368011 82.086143 0.028158 0.383340 0.923178 199.353165 0.000000 0.000000 0.000000 1.000000
0.958653 0.248254 -0.139124 -9.382950 -0.283204 0.880248 -0.380735 80.163376 0.027945 0.404393 0.914158 206.858505 0.000000 0.000000 0.000000 1.000000
0.964912 0.232804 -0.121438 -9.887307 -0.262344 0.874107 -0.408794 78.970261 0.010981 0.426308 0.904511 214.370361 0.000000 0.000000 0.000000 1.000000
0.973077 0.208810 -0.097571 -10.134575 -0.230472 0.877715 -0.420118 79.605255 -0.002086 0.431295 0.902209 222.152008 0.000000 0.000000 0.000000 1.000000
0.976928 0.187934 -0.101456 -10.179062 -0.213116 0.888816 -0.405694 81.214775 0.013932 0.417956 0.908361 230.526154 0.000000 0.000000 0.000000 1.000000
0.981320 0.137819 -0.134226 -10.212723 -0.180225 0.902666 -0.390785 83.296707 0.067304 0.407676 0.910643 239.251266 0.000000 0.000000 0.000000 1.000000
0.982476 0.062071 -0.175751 -10.138767 -0.126650 0.914123 -0.385147 85.645958 0.136751 0.400657 0.905965 248.465042 0.000000 0.000000 0.000000 1.000000
0.983946 -0.000147 -0.178466 -10.024505 -0.068171 0.923859 -0.376614 87.872437 0.164932 0.382734 0.909017 258.128815 0.000000 0.000000 0.000000 1.000000
0.991303 -0.044252 -0.123934 -9.864453 -0.004119 0.930871 -0.365324 89.581558 0.131532 0.362658 0.922593 268.301971 0.000000 0.000000 0.000000 1.000000
0.995404 -0.090714 -0.030683 -9.882072 0.073199 0.927341 -0.366989 89.764130 0.061745 0.363057 0.929719 279.275818 0.000000 0.000000 0.000000 1.000000
0.990127 -0.126947 0.059433 -10.092433 0.140056 0.913099 -0.382930 88.697357 -0.005656 0.387473 0.921864 290.688721 0.000000 0.000000 0.000000 1.000000
0.988703 -0.125838 0.081432 -10.004118 0.148367 0.898837 -0.412406 86.723701 -0.021297 0.419829 0.907353 301.645508 0.000000 0.000000 0.000000 1.000000
0.992515 -0.116718 0.035942 -9.513649 0.121027 0.900631 -0.417392 84.144867 0.016347 0.418618 0.908015 311.078094 0.000000 0.000000 0.000000 1.000000
0.990553 -0.135970 0.017805 -9.194931 0.131739 0.907500 -0.398859 82.080536 0.038075 0.397437 0.916839 318.100159 0.000000 0.000000 0.000000 1.000000
0.986977 -0.154975 0.043108 -8.849850 0.159364 0.905588 -0.393083 81.213875 0.021880 0.394834 0.918492 325.053680 0.000000 0.000000 0.000000 1.000000
0.987620 -0.148309 0.051090 -8.337457 0.156137 0.898161 -0.411008 82.382431 0.015069 0.413897 0.910199 332.080627 0.000000 0.000000 0.000000 1.000000
0.991252 -0.124519 0.043757 -7.683076 0.131241 0.894796 -0.426750 84.421944 0.013984 0.428759 0.903311 339.332275 0.000000 0.000000 0.000000 1.000000
0.996004 -0.074681 0.048976 -6.788825 0.088447 0.900789 -0.425154 86.954697 -0.012366 0.427787 0.903795 346.883972 0.000000 0.000000 0.000000 1.000000
0.997652 -0.009453 0.067831 -5.746231 0.037850 0.901531 -0.431057 89.626266 -0.057077 0.432612 0.899772 354.906616 0.000000 0.000000 0.000000 1.000000
0.996486 0.054292 0.063784 -4.679802 -0.019274 0.889682 -0.456174 92.161247 -0.081514 0.453342 0.887602 363.520599 0.000000 0.000000 0.000000 1.000000
0.995146 0.096985 0.016692 -3.755228 -0.077558 0.877322 -0.473593 94.220680 -0.060576 0.470000 0.880585 372.181824 0.000000 0.000000 0.000000 1.000000
0.992957 0.106583 -0.051737 -3.077101 -0.118339 0.871253 -0.476355 94.908478 -0.005695 0.479122 0.877730 380.832245 0.000000 0.000000 0.000000 1.000000
0.988883 0.099746 -0.110279 -2.532157 -0.140503 0.869586 -0.473370 94.462669 0.048680 0.483602 0.873933 389.048981 0.000000 0.000000 0.000000 1.000000
0.985394 0.098629 -0.138821 -1.969387 -0.153349 0.868420 -0.471520 93.310547 0.074050 0.485921 0.870860 396.944794 0.000000 0.000000 0.000000 1.000000
0.982832 0.105135 -0.151615 -1.409314 -0.163832 0.875235 -0.455107 91.541656 0.084851 0.472133 0.877434 404.968536 0.000000 0.000000 0.000000 1.000000
0.981245 0.096963 -0.166605 -0.873151 -0.158608 0.897313 -0.411914 89.669853 0.109556 0.430613 0.895863 413.428925 0.000000 0.000000 0.000000 1.000000
0.983812 0.068790 -0.165472 -0.506535 -0.126362 0.921044 -0.368390 87.090027 0.127066 0.383336 0.914827 422.400696 0.000000 0.000000 0.000000 1.000000
0.978553 0.085018 -0.187634 -0.428501 -0.147849 0.924119 -0.352342 84.336922 0.143441 0.372527 0.916869 431.013763 0.000000 0.000000 0.000000 1.000000
0.962999 0.147686 -0.225436 -0.522476 -0.220468 0.912797 -0.343795 82.233734 0.155004 0.380776 0.911583 437.904053 0.000000 0.000000 0.000000 1.000000
0.963366 0.160448 -0.214901 -0.554066 -0.230269 0.905632 -0.356100 80.943413 0.137486 0.392539 0.909401 444.554047 0.000000 0.000000 0.000000 1.000000
0.970394 0.152550 -0.187253 -0.327328 -0.214688 0.899993 -0.379369 80.876221 0.110653 0.408339 0.906099 451.613037 0.000000 0.000000 0.000000 1.000000
0.975095 0.129232 -0.180244 -0.035430 -0.191641 0.900021 -0.391454 81.408119 0.111635 0.416247 0.902372 459.327820 0.000000 0.000000 0.000000 1.000000
0.977169 0.090175 -0.192376 0.311837 -0.162706 0.899880 -0.404651 82.486992 0.136626 0.426714 0.894007 467.595215 0.000000 0.000000 0.000000 1.000000</float_array>
        <technique_common>
          <accessor source="#mixamorig_Hips-Matrix-animation-output-transform-array" count="56" stride="16">
            <param type="float4x4"/>
          </accessor>
        </technique_common>
      </source>
      <source id="mixamorig_Hips-Interpolations">
        <Name_array id="mixamorig_Hips-Interpolations-array" count="56">
 LINEAR LINEAR LINEAR LINEAR LINEAR LINEAR LINEAR LINEAR LINEAR LINEAR LINEAR
LINEAR LINEAR LINEAR LINEAR LINEAR LINEAR LINEAR LINEAR LINEAR LINEAR LINEAR LINEAR
LINEAR LINEAR LINEAR LINEAR LINEAR LINEAR LINEAR LINEAR LINEAR LINEAR LINEAR LINEAR
LINEAR LINEAR LINEAR LINEAR LINEAR LINEAR LINEAR LINEAR LINEAR LINEAR LINEAR LINEAR
LINEAR LINEAR LINEAR LINEAR LINEAR LINEAR LINEAR LINEAR LINEAR</Name_array>
        <technique_common>
          <accessor source="#mixamorig_Hips-Interpolations-array" count="56">
            <param type="name"/>
          </accessor>
        </technique_common>
      </source>
      <sampler id="mixamorig_Hips-Matrix-animation-transform">
        <input semantic="INPUT" source="#mixamorig_Hips-Matrix-animation-input"/>
        <input semantic="OUTPUT" source="#mixamorig_Hips-Matrix-animation-output-transform"/>
        <input semantic="INTERPOLATION" source="#mixamorig_Hips-Interpolations"/>
      </sampler>
      <channel source="#mixamorig_Hips-Matrix-animation-transform" target="mixamorig_Hips/matrix"/>
    </animation>
    <animation id="mixamorig_Spine-anim" name="mixamorig_Spine">
      <source id="mixamorig_Spine-Matrix-animation-input">
        <float_array id="mixamorig_Spine-Matrix-animation-input-array" count="56">

0.000000 0.033333 0.066667 0.100000 0.133333 0.166667 0.200000 0.233333 0.266667 0.300000 0.333333 0.366667 0.400000 0.433333 0.466667 0.500000
0.533333 0.566667 0.600000 0.633333 0.666667 0.700000 0.733333 0.766667 0.800000 0.833333 0.866667 0.900000 0.933333 0.966667 1.000000 1.033333
1.066667 1.100000 1.133333 1.166667 1.200000 1.233333 1.266667 1.300000 1.333333 1.366667 1.400000 1.433333 1.466667 1.500000 1.533333 1.566667
1.600000 1.633333 1.666667 1.700000 1.733333 1.766667 1.800000 1.833333</float_array>
        <technique_common>
          <accessor source="#mixamorig_Spine-Matrix-animation-input-array" count="56">
            <param name="TIME" type="float"/>
          </accessor>
        </technique_common>
      </source>
      <source id="mixamorig_Spine-Matrix-animation-output-transform">
        <float_array id="mixamorig_Spine-Matrix-animation-output-transform-array" count="896">

0.971658 -0.163292 0.170930 -0.002400 0.188993 0.970947 -0.146778 12.777500 -0.141996 0.174922 0.974289 0.315300 0.000000 0.000000 0.000000 1.000000
0.969008 -0.081241 0.233290 -0.002400 0.120553 0.979805 -0.159530 12.777500 -0.215618 0.182710 0.959232 0.315300 0.000000 0.000000 0.000000 1.000000
0.963981 -0.021072 0.265134 -0.002400 0.070069 0.981762 -0.176731 12.777500 -0.256574 0.188943 0.947877 0.315300 0.000000 0.000000 0.000000 1.000000
0.957670 0.020496 0.287139 -0.002400 0.036638 0.980673 -0.192195 12.777500 -0.285528 0.194579 0.938410 0.315300 0.000000 0.000000 0.000000 1.000000
0.951750 0.057768 0.301387 -0.002400 0.006485 0.978116 -0.207958 12.777500 -0.306805 0.199879 0.930548 0.315300 0.000000 0.000000 0.000000 1.000000
0.948826 0.068723 0.308230 -0.002400 -0.000170 0.976145 -0.217119 12.777500 -0.315798 0.205956 0.926204 0.315300 0.000000 0.000000 0.000000 1.000000
0.947901 0.067060 0.311428 -0.002400 0.004183 0.974888 -0.222655 12.777500 -0.318539 0.212358 0.923817 0.315300 0.000000 0.000000 0.000000 1.000000
0.950316 0.078495 0.301228 -0.002400 -0.003618 0.970405 -0.241456 12.777500 -0.311266 0.228370 0.922475 0.315300 0.000000 0.000000 0.000000 1.000000
0.954780 0.102319 0.279153 -0.002400 -0.027662 0.965415 -0.259245 12.777500 -0.296024 0.239800 0.924589 0.315300 0.000000 0.000000 0.000000 1.000000
0.961264 0.140087 0.237377 -0.002400 -0.078252 0.964480 -0.252300 12.777500 -0.264289 0.223951 0.938081 0.315300 0.000000 0.000000 0.000000 1.000000
0.969409 0.191971 0.152950 -0.002400 -0.146736 0.952784 -0.265839 12.777500 -0.196761 0.235263 0.951807 0.315300 0.000000 0.000000 0.000000 1.000000
0.977969 0.193725 0.077769 -0.002400 -0.166286 0.948162 -0.270809 12.777500 -0.126200 0.251911 0.959487 0.315300 0.000000 0.000000 0.000000 1.000000
0.989205 0.142508 0.034142 -0.002400 -0.127512 0.951881 -0.278680 12.777500 -0.072214 0.271318 0.959777 0.315300 0.000000 0.000000 0.000000 1.000000
0.996575 0.082577 -0.004408 -0.002400 -0.080610 0.958180 -0.274577 12.777500 -0.018450 0.273992 0.961555 0.315300 0.000000 0.000000 0.000000 1.000000
0.997936 -0.004801 -0.064036 -0.002400 -0.010983 0.969748 -0.243859 12.777500 0.063270 0.244059 0.967694 0.315300 0.000000 0.000000 0.000000 1.000000
0.986260 -0.096501 -0.134086 -0.002400 0.068369 0.977309 -0.200482 12.777500 0.150390 0.188560 0.970478 0.315300 0.000000 0.000000 0.000000 1.000000
0.968497 -0.163114 -0.188166 -0.002400 0.127930 0.974182 -0.186021 12.777500 0.213650 0.156089 0.964360 0.315300 0.000000 0.000000 0.000000 1.000000
0.946494 -0.218926 -0.237108 -0.002400 0.174975 0.965477 -0.192970 12.777500 0.271168 0.141157 0.952125 0.315300 0.000000 0.000000 0.000000 1.000000
0.924680 -0.241750 -0.294149 -0.002400 0.199568 0.965671 -0.166292 12.777500 0.324252 0.095064 0.941182 0.315300 0.000000 0.000000 0.000000 1.000000
0.915113 -0.239644 -0.324252 -0.002400 0.203856 0.968836 -0.140709 12.777500 0.347867 0.062664 0.935447 0.315300 0.000000 0.000000 0.000000 1.000000
0.919674 -0.241091 -0.309960 -0.002400 0.206473 0.968306 -0.140541 12.777500 0.334019 0.065253 0.940305 0.315300 0.000000 0.000000 0.000000 1.000000
0.927720 -0.236840 -0.288516 -0.002400 0.196203 0.966943 -0.162864 12.777500 0.317552 0.094484 0.943522 0.315300 0.000000 0.000000 0.000000 1.000000
0.934135 -0.236186 -0.267599 -0.002400 0.188301 0.963029 -0.192660 12.777500 0.303209 0.129581 0.944073 0.315300 0.000000 0.000000 0.000000 1.000000
0.929115 -0.292798 -0.225865 -0.002400 0.241226 0.942836 -0.229934 12.777500 0.280277 0.159151 0.946634 0.315300 0.000000 0.000000 0.000000 1.000000
0.924948 -0.340297 -0.169317 -0.002400 0.292547 0.921772 -0.254467 12.777500 0.242666 0.185835 0.952144 0.315300 0.000000 0.000000 0.000000 1.000000
0.942654 -0.317468 -0.103038 -0.002400 0.287171 0.928764 -0.234373 12.777500 0.170104 0.191343 0.966671 0.315300 0.000000 0.000000 0.000000 1.000000
0.957678 -0.286047 -0.032107 -0.002400 0.272801 0.937552 -0.215813 12.777500 0.091834 0.197921 0.975907 0.315300 0.000000 0.000000 0.000000 1.000000
0.965866 -0.257068 0.031933 -0.002400 0.257665 0.940694 -0.220691 12.777500 0.026693 0.221386 0.974821 0.315300 0.000000 0.000000 0.000000 1.000000
0.976598 -0.197591 0.084931 -0.002400 0.212173 0.949749 -0.230130 12.777500 -0.035192 0.242765 0.969447 0.315300 0.000000 0.000000 0.000000 1.000000
0.985070 -0.110184 0.132273 -0.002400 0.138727 0.963029 -0.230933 12.777500 -0.101937 0.245835 0.963937 0.315300 0.000000 0.000000 0.000000 1.000000
0.983730 -0.044633 0.174020 -0.002400 0.087537 0.964965 -0.247347 12.777500 -0.156883 0.258556 0.953172 0.315300 0.000000 0.000000 0.000000 1.000000
0.978435 -0.005492 0.206482 -0.002400 0.062034 0.961313 -0.268383 12.777500 -0.197020 0.275404 0.940923 0.315300 0.000000 0.000000 0.000000 1.000000
0.973314 0.048623 0.224268 -0.002400 0.011502 0.965730 -0.259295 12.777500 -0.229190 0.254955 0.939399 0.315300 0.000000 0.000000 0.000000 1.000000
0.965538 0.117127 0.232415 -0.002400 -0.071397 0.977954 -0.196238 12.777500 -0.250276 0.172882 0.952614 0.315300 0.000000 0.000000 0.000000 1.000000
0.958068 0.143140 0.248227 -0.002400 -0.123533 0.987980 -0.092925 12.777500 -0.258544 0.058365 0.964235 0.315300 0.000000 0.000000 0.000000 1.000000
0.955201 0.140450 0.260508 -0.002400 -0.124891 0.989299 -0.075434 12.777500 -0.268315 0.039519 0.962520 0.315300 0.000000 0.000000 0.000000 1.000000
0.951623 0.175031 0.252543 -0.002400 -0.134263 0.976147 -0.170617 12.777500 -0.276382 0.128456 0.952424 0.315300 0.000000 0.000000 0.000000 1.000000
0.951546 0.195834 0.237084 -0.002400 -0.144812 0.965522 -0.216326 12.777500 -0.271274 0.171512 0.947098 0.315300 0.000000 0.000000 0.000000 1.000000
0.961104 0.183843 0.206107 -0.002400 -0.139088 0.966908 -0.213876 12.777500 -0.238606 0.176890 0.954870 0.315300 0.000000 0.000000 0.000000 1.000000
0.977371 0.145729 0.153324 -0.002400 -0.111463 0.970843 -0.212224 12.777500 -0.179780 0.190332 0.965118 0.315300 0.000000 0.000000 0.000000 1.000000
0.995580 0.062771 0.069859 -0.002400 -0.046202 0.974947 -0.217587 12.777500 -0.081767 0.213398 0.973538 0.315300 0.000000 0.000000 0.000000 1.000000
0.997868 -0.048910 -0.043223 -0.002400 0.038162 0.974396 -0.221576 12.777500 0.052953 0.219454 0.974185 0.315300 0.000000 0.000000 0.000000 1.000000
0.980624 -0.151013 -0.124785 -0.002400 0.121363 0.968342 -0.218141 12.777500 0.153776 0.198771 0.967907 0.315300 0.000000 0.000000 0.000000 1.000000
0.964221 -0.212547 -0.158431 -0.002400 0.180910 0.964415 -0.192809 12.777500 0.193775 0.157249 0.968362 0.315300 0.000000 0.000000 0.000000 1.000000
0.958926 -0.227313 -0.169677 -0.002400 0.199033 0.965398 -0.168499 12.777500 0.202108 0.127807 0.970988 0.315300 0.000000 0.000000 0.000000 1.000000
0.957763 -0.219934 -0.185253 -0.002400 0.192859 0.969147 -0.153493 12.777500 0.213295 0.111282 0.970629 0.315300 0.000000 0.000000 0.000000 1.000000
0.952255 -0.216439 -0.215325 -0.002400 0.187841 0.971339 -0.145655 12.777500 0.240679 0.098254 0.965619 0.315300 0.000000 0.000000 0.000000 1.000000
0.945418 -0.223417 -0.237213 -0.002400 0.191450 0.969900 -0.150466 12.777500 0.263690 0.096839 0.959734 0.315300 0.000000 0.000000 0.000000 1.000000
0.947463 -0.217075 -0.234929 -0.002400 0.185908 0.971387 -0.147800 12.777500 0.260291 0.096360 0.960710 0.315300 0.000000 0.000000 0.000000 1.000000
0.953616 -0.193500 -0.230597 -0.002400 0.163658 0.976192 -0.142354 12.777500 0.252653 0.098012 0.962580 0.315300 0.000000 0.000000 0.000000 1.000000
0.958449 -0.214063 -0.188551 -0.002400 0.188506 0.971371 -0.144583 12.777500 0.214103 0.103032 0.971362 0.315300 0.000000 0.000000 0.000000 1.000000
0.958200 -0.266839 -0.103202 -0.002400 0.250789 0.956987 -0.145880 12.777500 0.137689 0.113901 0.983905 0.315300 0.000000 0.000000 0.000000 1.000000
0.965186 -0.257952 -0.043311 -0.002400 0.249966 0.958418 -0.137667 12.777500 0.077021 0.122048 0.989531 0.315300 0.000000 0.000000 0.000000 1.000000
0.973216 -0.229640 0.010783 -0.002400 0.229086 0.964804 -0.129121 12.777500 0.019248 0.128133 0.991570 0.315300 0.000000 0.000000 0.000000 1.000000
0.973187 -0.210403 0.092939 -0.002400 0.221574 0.965997 -0.133250 12.777500 -0.061743 0.150270 0.986715 0.315300 0.000000 0.000000 0.000000 1.000000
0.971658 -0.163292 0.170930 -0.002400 0.188993 0.970947 -0.146778 12.777500 -0.141996 0.174923 0.974289 0.315300 0.000000 0.000000 0.000000 1.000000</float_array>
        <technique_common>
          <accessor source="#mixamorig_Spine-Matrix-animation-output-transform-array" count="56" stride="16">
            <param type="float4x4"/>
          </accessor>
        </technique_common>
      </source>
      <source id="mixamorig_Spine-Interpolations">
        <Name_array id="mixamorig_Spine-Interpolations-array" count="56">
 LINEAR LINEAR LINEAR LINEAR LINEAR LINEAR LINEAR LINEAR LINEAR LINEAR LINEAR
LINEAR LINEAR LINEAR LINEAR LINEAR LINEAR LINEAR LINEAR LINEAR LINEAR LINEAR LINEAR
LINEAR LINEAR LINEAR LINEAR LINEAR LINEAR LINEAR LINEAR LINEAR LINEAR LINEAR LINEAR
LINEAR LINEAR LINEAR LINEAR LINEAR LINEAR LINEAR LINEAR LINEAR LINEAR LINEAR LINEAR
LINEAR LINEAR LINEAR LINEAR LINEAR LINEAR LINEAR LINEAR LINEAR</Name_array>
        <technique_common>
          <accessor source="#mixamorig_Spine-Interpolations-array" count="56">
            <param type="name"/>
          </accessor>
        </technique_common>
      </source>
      <sampler id="mixamorig_Spine-Matrix-animation-transform">
        <input semantic="INPUT" source="#mixamorig_Spine-Matrix-animation-input"/>
        <input semantic="OUTPUT" source="#mixamorig_Spine-Matrix-animation-output-transform"/>
        <input semantic="INTERPOLATION" source="#mixamorig_Spine-Interpolations"/>
      </sampler>
      <channel source="#mixamorig_Spine-Matrix-animation-transform" target="mixamorig_Spine/matrix"/>
    </animation>
    <animation id="mixamorig_Spine1-anim" name="mixamorig_Spine1">
      <source id="mixamorig_Spine1-Matrix-animation-input">
        <float_array id="mixamorig_Spine1-Matrix-animation-input-array" count="56">

0.000000 0.033333 0.066667 0.100000 0.133333 0.166667 0.200000 0.233333 0.266667 0.300000 0.333333 0.366667 0.400000 0.433333 0.466667 0.500000
0.533333 0.566667 0.600000 0.633333 0.666667 0.700000 0.733333 0.766667 0.800000 0.833333 0.866667 0.900000 0.933333 0.966667 1.000000 1.033333
1.066667 1.100000 1.133333 1.166667 1.200000 1.233333 1.266667 1.300000 1.333333 1.366667 1.400000 1.433333 1.466667 1.500000 1.533333 1.566667
1.600000 1.633333 1.666667 1.700000 1.733333 1.766667 1.800000 1.833333</float_array>
        <technique_common>
          <accessor source="#mixamorig_Spine1-Matrix-animation-input-array" count="56">
            <param name="TIME" type="float"/>
          </accessor>
        </technique_common>
      </source>
      <source id="mixamorig_Spine1-Matrix-animation-output-transform">
        <float_array id="mixamorig_Spine1-Matrix-animation-output-transform-array" count="896">

0.999004 -0.023729 0.037785 0.000000 0.023676 0.999718 0.001845 8.792700 -0.037818 -0.000948 0.999284 0.000000 0.000000 0.000000 0.000000 1.000000
0.997446 -0.004640 0.071270 0.000000 0.004378 0.999983 0.003835 8.792700 -0.071287 -0.003513 0.997450 0.000000 0.000000 0.000000 0.000000 1.000000
0.995574 0.012813 0.093101 0.000000 -0.013324 0.999899 0.004877 8.792700 -0.093029 -0.006096 0.995645 -0.000000 0.000000 0.000000 0.000000 1.000000
0.993541 0.026912 0.110237 -0.000000 -0.027623 0.999606 0.004925 8.792700 -0.110061 -0.007938 0.993893 0.000000 0.000000 0.000000 0.000000 1.000000
0.991662 0.037277 0.123360 -0.000000 -0.037968 0.999274 0.003251 8.792700 -0.123149 -0.007907 0.992357 -0.000000 0.000000 0.000000 0.000000 1.000000
0.990473 0.039804 0.131830 0.000000 -0.040105 0.999195 -0.000376 8.792700 -0.131738 -0.004914 0.991272 0.000000 0.000000 0.000000 0.000000 1.000000
0.989818 0.037367 0.137347 -0.000000 -0.036734 0.999300 -0.007138 8.792700 -0.137517 0.002020 0.990497 0.000000 0.000000 0.000000 0.000000 1.000000
0.989920 0.038718 0.136232 -0.000000 -0.037979 0.999246 -0.008019 8.792700 -0.136439 0.002765 0.990645 0.000000 0.000000 0.000000 0.000000 1.000000
0.990843 0.040853 0.128694 -0.000000 -0.040005 0.999157 -0.009169 8.792700 -0.128960 0.003936 0.991642 0.000000 0.000000 0.000000 0.000000 1.000000
0.993122 0.034323 0.111937 0.000000 -0.032423 0.999298 -0.018752 8.792700 -0.112502 0.014993 0.993538 0.000000 0.000000 0.000000 0.000000 1.000000
0.995654 0.025253 0.089637 0.000000 -0.023666 0.999545 -0.018720 8.792700 -0.090069 0.016518 0.995799 0.000000 0.000000 0.000000 0.000000 1.000000
0.997768 0.025437 0.061749 -0.000000 -0.024045 0.999442 -0.023179 8.792700 -0.062304 0.021642 0.997823 -0.000000 0.000000 0.000000 0.000000 1.000000
0.998860 0.033230 0.034285 0.000000 -0.032517 0.999248 -0.021134 8.792700 -0.034962 0.019995 0.999189 0.000000 0.000000 0.000000 0.000000 1.000000
0.999667 0.021675 0.013983 0.000000 -0.021428 0.999615 -0.017601 8.792700 -0.014359 0.017296 0.999747 -0.000000 0.000000 0.000000 0.000000 1.000000
0.999883 0.001594 -0.015190 0.000000 -0.001761 0.999938 -0.011024 8.792700 0.015172 0.011050 0.999824 0.000000 0.000000 0.000000 0.000000 1.000000
0.998687 -0.017724 -0.048056 0.000000 0.017489 0.999833 -0.005302 8.792700 0.048142 0.004454 0.998831 0.000000 0.000000 0.000000 0.000000 1.000000
0.996426 -0.034492 -0.077113 0.000000 0.034409 0.999405 -0.002397 8.792700 0.077150 -0.000265 0.997019 0.000000 0.000000 0.000000 0.000000 1.000000
0.992528 -0.056964 -0.107900 0.000000 0.057342 0.998355 0.000397 8.792700 0.107700 -0.006581 0.994162 0.000000 0.000000 0.000000 0.000000 1.000000
0.987303 -0.078728 -0.137965 0.000000 0.079486 0.996836 -0.000016 8.792700 0.137530 -0.010951 0.990437 -0.000000 0.000000 0.000000 0.000000 1.000000
0.984170 -0.088021 -0.153821 0.000000 0.089335 0.996000 0.001637 8.792700 0.153062 -0.015353 0.988097 0.000000 0.000000 0.000000 0.000000 1.000000
0.984721 -0.079703 -0.154826 0.000000 0.079418 0.996809 -0.008035 8.792700 0.154973 -0.004384 0.987909 0.000000 0.000000 0.000000 0.000000 1.000000
0.986242 -0.071060 -0.149254 0.000000 0.068730 0.997420 -0.020718 8.792700 0.150341 0.010175 0.988582 0.000000 0.000000 0.000000 0.000000 1.000000
0.987121 -0.072444 -0.142634 0.000000 0.070057 0.997307 -0.021695 8.792700 0.143822 0.011423 0.989538 0.000000 0.000000 0.000000 0.000000 1.000000
0.987116 -0.083899 -0.136246 -0.000000 0.081071 0.996364 -0.026187 8.792700 0.137948 0.014804 0.990329 0.000000 0.000000 0.000000 0.000000 1.000000
0.987292 -0.094060 -0.128094 0.000000 0.090541 0.995345 -0.033038 8.792700 0.130605 0.021020 0.991212 -0.000000 0.000000 0.000000 0.000000 1.000000
0.989708 -0.091888 -0.109705 0.000000 0.089165 0.995580 -0.029482 8.792700 0.111929 0.019397 0.993527 0.000000 0.000000 0.000000 0.000000 1.000000
0.992493 -0.083434 -0.089424 0.000000 0.081753 0.996403 -0.022304 8.792700 0.090963 0.014826 0.995744 0.000000 0.000000 0.000000 0.000000 1.000000
0.994638 -0.072938 -0.073316 0.000000 0.071694 0.997237 -0.019462 8.792700 0.074533 0.014102 0.997119 0.000000 0.000000 0.000000 0.000000 1.000000
0.996500 -0.059565 -0.058642 0.000000 0.058638 0.998127 -0.017412 8.792700 0.059569 0.013912 0.998127 0.000000 0.000000 0.000000 0.000000 1.000000
0.997763 -0.047131 -0.047410 -0.000000 0.046401 0.998789 -0.016385 8.792700 0.048125 0.014148 0.998741 -0.000000 0.000000 0.000000 0.000000 1.000000
0.999340 -0.024186 -0.027097 0.000000 0.024052 0.999697 -0.005247 8.792700 0.027216 0.004592 0.999619 0.000000 0.000000 0.000000 0.000000 1.000000
0.999896 0.001819 -0.014319 0.000000 -0.001714 0.999972 0.007328 8.792700 0.014332 -0.007303 0.999871 0.000000 0.000000 0.000000 0.000000 1.000000
0.999848 0.013670 -0.010786 0.000000 -0.013565 0.999860 0.009761 8.792700 0.010918 -0.009613 0.999894 0.000000 0.000000 0.000000 0.000000 1.000000
0.999963 0.003716 -0.007737 0.000000 -0.003782 0.999957 -0.008473 8.792700 0.007705 0.008502 0.999934 0.000000 0.000000 0.000000 0.000000 1.000000
0.999891 -0.012811 0.007382 -0.000000 0.013087 0.999168 -0.038637 8.792700 -0.006881 0.038729 0.999226 0.000000 0.000000 0.000000 0.000000 1.000000
0.999510 -0.022116 0.022130 -0.000000 0.023020 0.998874 -0.041482 8.792700 -0.021187 0.041971 0.998894 0.000000 0.000000 0.000000 0.000000 1.000000
0.999372 -0.028108 0.021599 0.000000 0.028257 0.999579 -0.006602 8.792700 -0.021404 0.007208 0.999745 0.000000 0.000000 0.000000 0.000000 1.000000
0.999386 -0.031445 0.015481 0.000000 0.031402 0.999502 0.003046 8.792700 -0.015569 -0.002558 0.999876 0.000000 0.000000 0.000000 0.000000 1.000000
0.999173 -0.040582 0.002450 0.000000 0.040566 0.999158 0.006174 8.792700 -0.002698 -0.006069 0.999978 0.000000 0.000000 0.000000 0.000000 1.000000
0.998686 -0.048829 -0.015564 0.000000 0.049070 0.998675 0.015522 8.792700 0.014786 -0.016266 0.999758 -0.000000 0.000000 0.000000 0.000000 1.000000
0.998149 -0.053664 -0.028626 0.000000 0.054259 0.998317 0.020449 8.792700 0.027481 -0.021964 0.999381 0.000000 0.000000 0.000000 0.000000 1.000000
0.997805 -0.055533 -0.036086 -0.000000 0.056429 0.998111 0.024295 8.792700 0.034668 -0.026278 0.999053 0.000000 0.000000 0.000000 0.000000 1.000000
0.997004 -0.058949 -0.050075 0.000000 0.060418 0.997771 0.028345 8.792700 0.048292 -0.031285 0.998343 0.000000 0.000000 0.000000 0.000000 1.000000
0.995265 -0.064956 -0.072307 0.000000 0.066357 0.997649 0.017141 8.792700 0.071024 -0.021858 0.997235 0.000000 0.000000 0.000000 0.000000 1.000000
0.992644 -0.073621 -0.096109 0.000000 0.074335 0.997226 0.003874 8.792700 0.095557 -0.010989 0.995363 -0.000000 0.000000 0.000000 0.000000 1.000000
0.989645 -0.084070 -0.116339 -0.000000 0.084221 0.996440 -0.003622 8.792700 0.116229 -0.006213 0.993203 0.000000 0.000000 0.000000 0.000000 1.000000
0.987389 -0.091921 -0.128891 0.000000 0.092586 0.995704 -0.000836 8.792700 0.128415 -0.011108 0.991658 0.000000 0.000000 0.000000 0.000000 1.000000
0.986279 -0.094145 -0.135612 0.000000 0.095503 0.995423 0.003527 8.792700 0.134659 -0.016430 0.990756 0.000000 0.000000 0.000000 0.000000 1.000000
0.986746 -0.089865 -0.135114 0.000000 0.090613 0.995886 -0.000617 8.792700 0.134613 -0.011634 0.990830 0.000000 0.000000 0.000000 0.000000 1.000000
0.988461 -0.075687 -0.131214 0.000000 0.075880 0.997111 -0.003534 8.792700 0.131102 -0.006463 0.991348 0.000000 0.000000 0.000000 0.000000 1.000000
0.990917 -0.067770 -0.116147 0.000000 0.067863 0.997690 -0.003156 8.792700 0.116092 -0.004755 0.993227 0.000000 0.000000 0.000000 0.000000 1.000000
0.993722 -0.071220 -0.086276 -0.000000 0.070780 0.997459 -0.008152 8.792700 0.086637 0.001994 0.996238 0.000000 0.000000 0.000000 0.000000 1.000000
0.996262 -0.063933 -0.058086 0.000000 0.063530 0.997941 -0.008759 8.792700 0.058526 0.005036 0.998273 0.000000 0.000000 0.000000 0.000000 1.000000
0.998008 -0.054912 -0.031065 0.000000 0.054850 0.998491 -0.002831 8.792700 0.031174 0.001122 0.999513 0.000000 0.000000 0.000000 0.000000 1.000000
0.999231 -0.039052 0.003546 0.000000 0.039045 0.999235 0.002000 8.792700 -0.003621 -0.001860 0.999992 0.000000 0.000000 0.000000 0.000000 1.000000
0.999004 -0.023729 0.037785 0.000000 0.023676 0.999718 0.001845 8.792700 -0.037818 -0.000949 0.999284 0.000000 0.000000 0.000000 0.000000 1.000000</float_array>
        <technique_common>
          <accessor source="#mixamorig_Spine1-Matrix-animation-output-transform-array" count="56" stride="16">
            <param type="float4x4"/>
          </accessor>
        </technique_common>
      </source>
      <source id="mixamorig_Spine1-Interpolations">
        <Name_array id="mixamorig_Spine1-Interpolations-array" count="56">
 LINEAR LINEAR LINEAR LINEAR LINEAR LINEAR LINEAR LINEAR LINEAR LINEAR LINEAR
LINEAR LINEAR LINEAR LINEAR LINEAR LINEAR LINEAR LINEAR LINEAR LINEAR LINEAR LINEAR
LINEAR LINEAR LINEAR LINEAR LINEAR LINEAR LINEAR LINEAR LINEAR LINEAR LINEAR LINEAR
LINEAR LINEAR LINEAR LINEAR LINEAR LINEAR LINEAR LINEAR LINEAR LINEAR LINEAR LINEAR
LINEAR LINEAR LINEAR LINEAR LINEAR LINEAR LINEAR LINEAR LINEAR</Name_array>
        <technique_common>
          <accessor source="#mixamorig_Spine1-Interpolations-array" count="56">
            <param type="name"/>
          </accessor>
        </technique_common>
      </source>
      <sampler id="mixamorig_Spine1-Matrix-animation-transform">
        <input semantic="INPUT" source="#mixamorig_Spine1-Matrix-animation-input"/>
        <input semantic="OUTPUT" source="#mixamorig_Spine1-Matrix-animation-output-transform"/>
        <input semantic="INTERPOLATION" source="#mixamorig_Spine1-Interpolations"/>
      </sampler>
      <channel source="#mixamorig_Spine1-Matrix-animation-transform" target="mixamorig_Spine1/matrix"/>
    </animation>
    <animation id="mixamorig_Spine2-anim" name="mixamorig_Spine2">
      <source id="mixamorig_Spine2-Matrix-animation-input">
        <float_array id="mixamorig_Spine2-Matrix-animation-input-array" count="56">

0.000000 0.033333 0.066667 0.100000 0.133333 0.166667 0.200000 0.233333 0.266667 0.300000 0.333333 0.366667 0.400000 0.433333 0.466667 0.500000
0.533333 0.566667 0.600000 0.633333 0.666667 0.700000 0.733333 0.766667 0.800000 0.833333 0.866667 0.900000 0.933333 0.966667 1.000000 1.033333
1.066667 1.100000 1.133333 1.166667 1.200000 1.233333 1.266667 1.300000 1.333333 1.366667 1.400000 1.433333 1.466667 1.500000 1.533333 1.566667
1.600000 1.633333 1.666667 1.700000 1.733333 1.766667 1.800000 1.833333</float_array>
        <technique_common>
          <accessor source="#mixamorig_Spine2-Matrix-animation-input-array" count="56">
            <param name="TIME" type="float"/>
          </accessor>
        </technique_common>
      </source>
      <source id="mixamorig_Spine2-Matrix-animation-output-transform">
        <float_array id="mixamorig_Spine2-Matrix-animation-output-transform-array" count="896">

0.999028 -0.023992 0.036983 -0.000000 0.023980 0.999712 0.000786 8.651100 -0.036992 0.000101 0.999316 0.000000 0.000000 0.000000 0.000000 1.000000
0.997462 -0.002671 0.071156 0.000000 0.002504 0.999994 0.002435 8.651100 -0.071162 -0.002251 0.997462 -0.000000 0.000000 0.000000 0.000000 1.000000
0.995558 0.014875 0.092967 0.000000 -0.015258 0.999878 0.003412 8.651100 -0.092904 -0.004815 0.995663 -0.000000 0.000000 0.000000 0.000000 1.000000
0.993543 0.028307 0.109864 -0.000000 -0.028861 0.999577 0.003451 8.651100 -0.109720 -0.006600 0.993941 0.000000 0.000000 0.000000 0.000000 1.000000
0.991709 0.038319 0.122654 0.000000 -0.038830 0.999244 0.001776 8.651100 -0.122493 -0.006524 0.992448 0.000000 0.000000 0.000000 0.000000 1.000000
0.990486 0.040587 0.131491 -0.000000 -0.040669 0.999171 -0.002070 8.651100 -0.131466 -0.003297 0.991315 0.000000 0.000000 0.000000 0.000000 1.000000
0.989798 0.038644 0.137138 0.000000 -0.037726 0.999245 -0.009292 8.651100 -0.137393 0.004023 0.990508 0.000000 0.000000 0.000000 0.000000 1.000000
0.989905 0.040064 0.135952 -0.000000 -0.039027 0.999185 -0.010280 8.651100 -0.136253 0.004870 0.990662 0.000000 0.000000 0.000000 0.000000 1.000000
0.990819 0.042431 0.128363 0.000000 -0.041364 0.999084 -0.010963 8.651100 -0.128711 0.005552 0.991667 -0.000000 0.000000 0.000000 0.000000 1.000000
0.993086 0.035799 0.111797 0.000000 -0.033834 0.999239 -0.019430 8.651100 -0.112408 0.015514 0.993541 -0.000000 0.000000 0.000000 0.000000 1.000000
0.995578 0.026623 0.090090 0.000000 -0.025078 0.999519 -0.018237 8.651100 -0.090533 0.015897 0.995767 -0.000000 0.000000 0.000000 0.000000 1.000000
0.997692 0.026462 0.062531 0.000000 -0.025092 0.999430 -0.022606 8.651100 -0.063093 0.020984 0.997787 0.000000 0.000000 0.000000 0.000000 1.000000
0.998818 0.033838 0.034898 -0.000000 -0.033116 0.999229 -0.021084 8.651100 -0.035584 0.019903 0.999168 0.000000 0.000000 0.000000 0.000000 1.000000
0.999654 0.021942 0.014530 0.000000 -0.021680 0.999604 -0.017966 8.651100 -0.014918 0.017644 0.999733 0.000000 0.000000 0.000000 0.000000 1.000000
0.999885 0.001476 -0.015085 0.000000 -0.001652 0.999931 -0.011631 8.651100 0.015067 0.011654 0.999819 0.000000 0.000000 0.000000 0.000000 1.000000
0.998672 -0.017910 -0.048303 0.000000 0.017655 0.999828 -0.005699 8.651100 0.048397 0.004839 0.998816 0.000000 0.000000 0.000000 0.000000 1.000000
0.996390 -0.034659 -0.077501 0.000000 0.034562 0.999399 -0.002597 8.651100 0.077545 -0.000091 0.996989 0.000000 0.000000 0.000000 0.000000 1.000000
0.992458 -0.057324 -0.108353 0.000000 0.057737 0.998332 0.000672 8.651100 0.108134 -0.006923 0.994112 0.000000 0.000000 0.000000 0.000000 1.000000
0.987225 -0.078835 -0.138464 0.000000 0.079734 0.996816 0.000946 8.651100 0.137948 -0.011974 0.990367 0.000000 0.000000 0.000000 0.000000 1.000000
0.984112 -0.087690 -0.154385 -0.000000 0.089171 0.996013 0.002676 8.651100 0.153535 -0.016400 0.988007 -0.000000 0.000000 0.000000 0.000000 1.000000
0.984651 -0.079759 -0.155245 0.000000 0.079623 0.996800 -0.007103 8.651100 0.155314 -0.005367 0.987850 -0.000000 0.000000 0.000000 0.000000 1.000000
0.986158 -0.072184 -0.149269 0.000000 0.069981 0.997349 -0.019966 8.651100 0.150315 0.009244 0.988595 0.000000 0.000000 0.000000 0.000000 1.000000
0.987043 -0.073588 -0.142590 0.000000 0.071395 0.997239 -0.020442 8.651100 0.143700 0.009997 0.989571 0.000000 0.000000 0.000000 0.000000 1.000000
0.987201 -0.085232 -0.134794 0.000000 0.082853 0.996292 -0.023170 8.651100 0.136270 0.011705 0.990603 0.000000 0.000000 0.000000 0.000000 1.000000
0.987438 -0.096158 -0.125380 -0.000000 0.093303 0.995231 -0.028457 8.651100 0.127519 0.016401 0.991701 0.000000 0.000000 0.000000 0.000000 1.000000
0.989805 -0.093053 -0.107833 0.000000 0.090897 0.995553 -0.024744 8.651100 0.109656 0.014690 0.993861 -0.000000 0.000000 0.000000 0.000000 1.000000
0.992499 -0.083759 -0.089049 0.000000 0.082454 0.996428 -0.018245 8.651100 0.090259 0.010766 0.995860 0.000000 0.000000 0.000000 0.000000 1.000000
0.994531 -0.073620 -0.074086 0.000000 0.072605 0.997227 -0.016312 8.651100 0.075081 0.010844 0.997118 0.000000 0.000000 0.000000 0.000000 1.000000
0.996377 -0.060589 -0.059684 0.000000 0.059779 0.998095 -0.015270 8.651100 0.060495 0.011647 0.998101 0.000000 0.000000 0.000000 0.000000 1.000000
0.997572 -0.049729 -0.048748 0.000000 0.049053 0.998684 -0.014975 8.651100 0.049429 0.012547 0.998699 0.000000 0.000000 0.000000 0.000000 1.000000
0.999211 -0.027842 -0.028307 0.000000 0.027741 0.999607 -0.003937 8.651100 0.028406 0.003149 0.999592 0.000000 0.000000 0.000000 0.000000 1.000000
0.999865 -0.001813 -0.016327 -0.000000 0.001964 0.999955 0.009248 8.651100 0.016310 -0.009279 0.999824 0.000000 0.000000 0.000000 0.000000 1.000000
0.999835 0.010380 -0.014929 0.000000 -0.010200 0.999875 0.012087 8.651100 0.015052 -0.011933 0.999815 -0.000000 0.000000 0.000000 0.000000 1.000000
0.999901 0.001645 -0.014009 -0.000000 -0.001748 0.999971 -0.007381 8.651100 0.013996 0.007405 0.999875 -0.000000 0.000000 0.000000 0.000000 1.000000
0.999932 -0.011662 -0.000825 0.000000 0.011619 0.999115 -0.040418 8.651100 0.001295 0.040406 0.999183 -0.000000 0.000000 0.000000 0.000000 1.000000
0.999646 -0.021724 0.015356 0.000000 0.022363 0.998836 -0.042736 8.651100 -0.014410 0.043065 0.998968 -0.000000 0.000000 0.000000 0.000000 1.000000
0.999421 -0.029285 0.017315 0.000000 0.029430 0.999534 -0.008163 8.651100 -0.017068 0.008668 0.999817 0.000000 0.000000 0.000000 0.000000 1.000000
0.999385 -0.032395 0.013451 -0.000000 0.032392 0.999475 0.000464 8.651100 -0.013459 -0.000028 0.999909 0.000000 0.000000 0.000000 0.000000 1.000000
