<?xml version="1.0" encoding="utf-8"?>
<COLLADA xmlns="http://www.collada.org/2005/11/COLLADASchema" version="1.4.1">
  <asset>
    <contributor>
      <author>Mixamo</author>
      <authoring_tool>COLLADA Mixamo exporter</authoring_tool>
      <comments/>
    </contributor>
    <created>2024-10-12T09:23:58Z</created>
    <modified>2024-10-12T09:23:58Z</modified>
    <revision/>
    <title/>
    <unit meter="0.010000"/>
    <up_axis>Y_UP</up_axis>
  </asset>
  <library_animations>
    <animation id="mixamorig_Hips-anim" name="mixamorig_Hips">
      <source id="mixamorig_Hips-Matrix-animation-input">
        <float_array id="mixamorig_Hips-Matrix-animation-input-array" count="64">

0.000000 0.033333 0.066667 0.100000 0.133333 0.166667 0.200000 0.233333 0.266667 0.300000 0.333333 0.366667 0.400000 0.433333 0.466667 0.500000
0.533333 0.566667 0.600000 0.633333 0.666667 0.700000 0.733333 0.766667 0.800000 0.833333 0.866667 0.900000 0.933333 0.966667 1.000000 1.033333
1.066667 1.100000 1.133333 1.166667 1.200000 1.233333 1.266667 1.300000 1.333333 1.366667 1.400000 1.433333 1.466667 1.500000 1.533333 1.566667
1.600000 1.633333 1.666667 1.700000 1.733333 1.766667 1.800000 1.833333 1.866667 1.900000 1.933333 1.966667 2.000000 2.033333 2.066667 2.100000</float_array>
        <technique_common>
          <accessor source="#mixamorig_Hips-Matrix-animation-input-array" count="64">
            <param name="TIME" type="float"/>
          </accessor>
        </technique_common>
      </source>
      <source id="mixamorig_Hips-Matrix-animation-output-transform">
        <float_array id="mixamorig_Hips-Matrix-animation-output-transform-array" count="1024">

0.998710 -0.049579 0.010929 -0.547338 0.049336 0.998552 0.021460 92.673752 -0.011977 -0.020893 0.999710 0.756058 0.000000 0.000000 0.000000 1.000000
0.993183 -0.047385 -0.106499 -0.381824 0.036715 0.994309 -0.100011 92.228104 0.110632 0.095419 0.989270 4.861298 0.000000 0.000000 0.000000 1.000000
0.988200 -0.030480 -0.150105 -0.693966 0.006765 0.987729 -0.156033 91.759819 0.153019 0.153176 0.976280 8.537539 0.000000 0.000000 0.000000 1.000000
0.991255 -0.021167 -0.130254 -1.447716 -0.000598 0.986322 -0.164827 91.671738 0.131961 0.163463 0.977684 12.187460 0.000000 0.000000 0.000000 1.000000
0.997338 -0.033860 -0.064573 -2.535335 0.024432 0.989625 -0.141583 92.284302 0.068697 0.139628 0.987818 16.138273 0.000000 0.000000 0.000000 1.000000
0.997498 -0.070137 0.008847 -3.751549 0.070680 0.991827 -0.106225 93.405182 -0.001325 0.106585 0.994303 20.284342 0.000000 0.000000 0.000000 1.000000
0.991703 -0.113265 0.060798 -4.785118 0.117838 0.989981 -0.077792 94.566017 -0.051378 0.084311 0.995114 24.331179 0.000000 0.000000 0.000000 1.000000
0.985620 -0.146243 0.084655 -5.444458 0.152098 0.986064 -0.067412 95.589828 -0.073616 0.079318 0.994127 28.145945 0.000000 0.000000 0.000000 1.000000
0.982449 -0.163096 0.090517 -5.696949 0.169987 0.982629 -0.074463 96.354782 -0.076800 0.088542 0.993107 31.726547 0.000000 0.000000 0.000000 1.000000
0.981476 -0.168034 0.092028 -5.637906 0.176300 0.980162 -0.090557 96.803772 -0.074986 0.105104 0.991630 35.157497 0.000000 0.000000 0.000000 1.000000
0.981259 -0.166338 0.097279 -5.383609 0.176510 0.978413 -0.107477 96.978073 -0.077302 0.122633 0.989437 38.582237 0.000000 0.000000 0.000000 1.000000
0.980451 -0.164724 0.107620 -5.055305 0.177330 0.976744 -0.120522 96.816292 -0.085265 0.137250 0.986860 42.069908 0.000000 0.000000 0.000000 1.000000
0.979637 -0.162410 0.118045 -4.733977 0.177328 0.975616 -0.129338 96.439445 -0.094161 0.147637 0.984549 45.761909 0.000000 0.000000 0.000000 1.000000
0.980543 -0.156318 0.118747 -4.398685 0.172051 0.975596 -0.136424 96.204475 -0.094523 0.154200 0.983508 49.728630 0.000000 0.000000 0.000000 1.000000
0.985514 -0.137600 0.099141 -4.023712 0.150932 0.978192 -0.142687 95.791885 -0.077345 0.155583 0.984790 54.530804 0.000000 0.000000 0.000000 1.000000
0.993147 -0.104862 0.051603 -3.601351 0.111342 0.983138 -0.145059 94.202583 -0.035522 0.149810 0.988076 60.450317 0.000000 0.000000 0.000000 1.000000
0.996986 -0.077357 -0.005862 -3.283275 0.075808 0.987493 -0.138242 92.170280 0.016483 0.137381 0.990381 66.833748 0.000000 0.000000 0.000000 1.000000
0.996279 -0.070963 -0.048914 -3.001405 0.064290 0.989866 -0.126621 89.405342 0.057404 0.123006 0.990744 72.395973 0.000000 0.000000 0.000000 1.000000
0.992800 -0.102944 -0.061248 -2.855910 0.094991 0.988095 -0.121016 85.787941 0.072977 0.114327 0.990759 76.108383 0.000000 0.000000 0.000000 1.000000
0.991074 -0.126933 -0.040736 -2.464279 0.120844 0.984448 -0.127507 83.676735 0.056287 0.121446 0.991001 79.647530 0.000000 0.000000 0.000000 1.000000
0.991129 -0.132904 0.000434 -1.559583 0.131574 0.980739 -0.144359 83.000214 0.018760 0.143136 0.989525 83.036789 0.000000 0.000000 0.000000 1.000000
0.992371 -0.112448 0.050541 -0.076435 0.119384 0.978815 -0.166337 83.821762 -0.030766 0.171102 0.984773 86.758812 0.000000 0.000000 0.000000 1.000000
0.991851 -0.070017 0.106443 1.735501 0.089284 0.977975 -0.188663 85.639801 -0.090889 0.196629 0.976256 91.047737 0.000000 0.000000 0.000000 1.000000
0.984790 -0.021000 0.172478 3.383718 0.057271 0.976427 -0.208112 87.604202 -0.164042 0.214825 0.962778 95.691681 0.000000 0.000000 0.000000 1.000000
0.967937 0.019257 0.250453 4.481716 0.038034 0.974326 -0.221905 89.135239 -0.248296 0.224316 0.942354 100.397850 0.000000 0.000000 0.000000 1.000000
0.941873 0.044966 0.332947 5.107269 0.033520 0.973481 -0.226297 90.013962 -0.334293 0.224304 0.915389 104.958435 0.000000 0.000000 0.000000 1.000000
0.911243 0.059276 0.407582 5.445730 0.034667 0.975039 -0.219309 90.183365 -0.410408 0.213974 0.886442 109.383682 0.000000 0.000000 0.000000 1.000000
0.882868 0.066995 0.464819 5.729980 0.033444 0.978290 -0.204525 89.941849 -0.468429 0.196114 0.861460 113.816414 0.000000 0.000000 0.000000 1.000000
0.862041 0.072668 0.501603 6.096376 0.027829 0.981389 -0.190002 89.645088 -0.506075 0.177749 0.843975 118.369644 0.000000 0.000000 0.000000 1.000000
0.850602 0.075905 0.520302 6.604605 0.024234 0.982815 -0.182997 89.502838 -0.525251 0.168267 0.834145 123.009834 0.000000 0.000000 0.000000 1.000000
0.847815 0.072171 0.525358 7.271533 0.031611 0.982056 -0.185922 89.439667 -0.529349 0.174234 0.830320 127.714462 0.000000 0.000000 0.000000 1.000000
0.851706 0.058232 0.520775 8.119492 0.052096 0.979474 -0.194723 89.285072 -0.521425 0.192977 0.831190 132.486847 0.000000 0.000000 0.000000 1.000000
0.859778 0.030925 0.509730 9.195100 0.084276 0.975886 -0.201358 88.695946 -0.503665 0.216081 0.836439 137.677902 0.000000 0.000000 0.000000 1.000000
0.870268 0.001258 0.492576 10.243143 0.111164 0.973697 -0.198888 87.901550 -0.479870 0.227843 0.847238 143.097321 0.000000 0.000000 0.000000 1.000000
0.881960 -0.020978 0.470857 10.857810 0.122461 0.974899 -0.185947 86.897629 -0.455137 0.221659 0.862391 148.350754 0.000000 0.000000 0.000000 1.000000
0.892593 -0.029639 0.449887 10.797393 0.117397 0.978695 -0.168444 85.549934 -0.435310 0.203168 0.877056 153.109848 0.000000 0.000000 0.000000 1.000000
0.903791 -0.024740 0.427257 10.328962 0.101158 0.982389 -0.157097 83.801300 -0.415846 0.185203 0.890377 157.080658 0.000000 0.000000 0.000000 1.000000
0.917963 -0.025957 0.395815 10.003672 0.096969 0.982265 -0.160473 82.586693 -0.384630 0.185690 0.904201 161.220215 0.000000 0.000000 0.000000 1.000000
0.935695 -0.058390 0.347946 9.547321 0.127886 0.975273 -0.180246 83.355385 -0.328817 0.213152 0.920025 166.404266 0.000000 0.000000 0.000000 1.000000
0.953860 -0.105481 0.281113 8.758842 0.168655 0.962828 -0.210993 85.081100 -0.248408 0.248668 0.936193 171.702896 0.000000 0.000000 0.000000 1.000000
0.968154 -0.151351 0.199427 7.890586 0.198583 0.949333 -0.243582 87.000435 -0.152456 0.275428 0.949156 176.597031 0.000000 0.000000 0.000000 1.000000
0.975711 -0.187944 0.112540 7.223069 0.212031 0.939355 -0.269546 88.808601 -0.055055 0.286861 0.956389 181.061462 0.000000 0.000000 0.000000 1.000000
0.976196 -0.214431 0.032573 6.894730 0.214720 0.934268 -0.284673 90.349426 0.030611 0.284890 0.958071 185.267044 0.000000 0.000000 0.000000 1.000000
0.971917 -0.233267 -0.031059 6.908927 0.214653 0.932876 -0.289251 91.524307 0.096447 0.274461 0.956749 189.414062 0.000000 0.000000 0.000000 1.000000
0.966579 -0.245115 -0.075120 7.161704 0.214685 0.934053 -0.285405 92.313011 0.140123 0.259739 0.955459 193.706314 0.000000 0.000000 0.000000 1.000000
0.963033 -0.248993 -0.102810 7.508399 0.212988 0.937460 -0.275326 92.666969 0.164934 0.243251 0.955838 198.282745 0.000000 0.000000 0.000000 1.000000
0.962688 -0.241237 -0.122623 7.828268 0.203204 0.943664 -0.261164 92.547256 0.178717 0.226502 0.957474 203.283356 0.000000 0.000000 0.000000 1.000000
0.965380 -0.216461 -0.145557 8.067642 0.176845 0.953310 -0.244796 91.588722 0.191749 0.210581 0.958586 209.053711 0.000000 0.000000 0.000000 1.000000
0.966350 -0.189725 -0.173701 8.098946 0.148520 0.962871 -0.225435 90.557137 0.210022 0.192051 0.958649 215.098633 0.000000 0.000000 0.000000 1.000000
0.962569 -0.174176 -0.207660 8.204792 0.131850 0.970324 -0.202700 89.483887 0.236804 0.167733 0.956969 220.949417 0.000000 0.000000 0.000000 1.000000
0.953678 -0.177258 -0.243058 8.305750 0.135412 0.974427 -0.179320 88.452927 0.268628 0.138100 0.953293 226.409500 0.000000 0.000000 0.000000 1.000000
0.938771 -0.210502 -0.272760 8.588062 0.171546 0.972126 -0.159822 86.782433 0.298800 0.103245 0.948714 230.841721 0.000000 0.000000 0.000000 1.000000
0.926051 -0.242639 -0.289062 8.509604 0.207869 0.967208 -0.145940 86.067589 0.314994 0.075061 0.946121 235.333923 0.000000 0.000000 0.000000 1.000000
0.924114 -0.253020 -0.286348 8.053699 0.222587 0.965545 -0.134824 86.513519 0.310595 0.060856 0.948592 240.170914 0.000000 0.000000 0.000000 1.000000
0.934427 -0.241069 -0.262166 7.337529 0.215882 0.968841 -0.121418 87.540848 0.283268 0.056860 0.957354 245.145004 0.000000 0.000000 0.000000 1.000000
0.953273 -0.207427 -0.219648 6.518624 0.188730 0.976595 -0.103169 89.058449 0.235907 0.056894 0.970109 250.181198 0.000000 0.000000 0.000000 1.000000
0.972907 -0.160238 -0.166658 5.783616 0.148461 0.985599 -0.080952 90.965393 0.177230 0.054016 0.982686 255.449234 0.000000 0.000000 0.000000 1.000000
0.986733 -0.116501 -0.113075 5.148542 0.110485 0.992178 -0.058110 93.012924 0.118960 0.044846 0.991886 261.020325 0.000000 0.000000 0.000000 1.000000
0.992773 -0.092880 -0.075989 4.407112 0.089992 0.995115 -0.040600 94.692627 0.079388 0.033468 0.996282 266.649628 0.000000 0.000000 0.000000 1.000000
0.995350 -0.080590 -0.052764 3.606262 0.079272 0.996498 -0.026619 95.866188 0.054725 0.022313 0.998252 272.328125 0.000000 0.000000 0.000000 1.000000
0.997133 -0.067110 -0.034965 2.725397 0.066655 0.997677 -0.014029 95.911835 0.035826 0.011658 0.999290 277.936829 0.000000 0.000000 0.000000 1.000000
0.998021 -0.059486 -0.020405 1.677797 0.059453 0.998229 -0.002220 95.081200 0.020501 0.001002 0.999789 283.608032 0.000000 0.000000 0.000000 1.000000
0.998337 -0.057226 -0.006908 0.560994 0.057291 0.998312 0.009518 93.875931 0.006352 -0.009898 0.999931 289.366241 0.000000 0.000000 0.000000 1.000000
0.998710 -0.049590 0.010878 -0.545452 0.049349 0.998551 0.021458 92.669151 -0.011926 -0.020894 0.999711 294.956268 0.000000 0.000000 0.000000 1.000000</float_array>
        <technique_common>
          <accessor source="#mixamorig_Hips-Matrix-animation-output-transform-array" count="64" stride="16">
            <param type="float4x4"/>
          </accessor>
        </technique_common>
      </source>
      <source id="mixamorig_Hips-Interpolations">
        <Name_array id="mixamorig_Hips-Interpolations-array" count="64">
 LINEAR LINEAR LINEAR LINEAR LINEAR LINEAR LINEAR LINEAR LINEAR LINEAR LINEAR
LINEAR LINEAR LINEAR LINEAR LINEAR LINEAR LINEAR LINEAR LINEAR LINEAR LINEAR LINEAR
LINEAR LINEAR LINEAR LINEAR LINEAR LINEAR LINEAR LINEAR LINEAR LINEAR LINEAR LINEAR
LINEAR LINEAR LINEAR LINEAR LINEAR LINEAR LINEAR LINEAR LINEAR LINEAR LINEAR LINEAR
LINEAR LINEAR LINEAR LINEAR LINEAR LINEAR LINEAR LINEAR LINEAR LINEAR LINEAR LINEAR
LINEAR LINEAR LINEAR LINEAR LINEAR</Name_array>
        <technique_common>
          <accessor source="#mixamorig_Hips-Interpolations-array" count="64">
            <param type="name"/>
          </accessor>
        </technique_common>
      </source>
      <sampler id="mixamorig_Hips-Matrix-animation-transform">
        <input semantic="INPUT" source="#mixamorig_Hips-Matrix-animation-input"/>
        <input semantic="OUTPUT" source="#mixamorig_Hips-Matrix-animation-output-transform"/>
        <input semantic="INTERPOLATION" source="#mixamorig_Hips-Interpolations"/>
      </sampler>
      <channel source="#mixamorig_Hips-Matrix-animation-transform" target="mixamorig_Hips/matrix"/>
    </animation>
    <animation id="mixamorig_Spine-anim" name="mixamorig_Spine">
      <source id="mixamorig_Spine-Matrix-animation-input">
        <float_array id="mixamorig_Spine-Matrix-animation-input-array" count="64">

0.000000 0.033333 0.066667 0.100000 0.133333 0.166667 0.200000 0.233333 0.266667 0.300000 0.333333 0.366667 0.400000 0.433333 0.466667 0.500000
0.533333 0.566667 0.600000 0.633333 0.666667 0.700000 0.733333 0.766667 0.800000 0.833333 0.866667 0.900000 0.933333 0.966667 1.000000 1.033333
1.066667 1.100000 1.133333 1.166667 1.200000 1.233333 1.266667 1.300000 1.333333 1.366667 1.400000 1.433333 1.466667 1.500000 1.533333 1.566667
1.600000 1.633333 1.666667 1.700000 1.733333 1.766667 1.800000 1.833333 1.866667 1.900000 1.933333 1.966667 2.000000 2.033333 2.066667 2.100000</float_array>
        <technique_common>
          <accessor source="#mixamorig_Spine-Matrix-animation-input-array" count="64">
            <param name="TIME" type="float"/>
          </accessor>
        </technique_common>
      </source>
      <source id="mixamorig_Spine-Matrix-animation-output-transform">
        <float_array id="mixamorig_Spine-Matrix-animation-output-transform-array" count="1024">

0.984516 -0.107815 -0.138219 -0.002400 0.100264 0.993120 -0.060499 12.777500 0.143791 0.045704 0.988552 0.315300 0.000000 0.000000 0.000000 1.000000
0.989753 -0.093962 -0.107522 -0.002400 0.090458 0.995212 -0.037026 12.777500 0.110486 0.026920 0.993513 0.315300 0.000000 0.000000 0.000000 1.000000
0.991126 -0.095982 -0.091964 -0.002400 0.093681 0.995179 -0.029025 12.777500 0.094307 0.020152 0.995339 0.315300 0.000000 0.000000 0.000000 1.000000
0.991459 -0.097481 -0.086637 -0.002400 0.095175 0.994997 -0.030375 12.777500 0.089164 0.021870 0.995777 0.315300 0.000000 0.000000 0.000000 1.000000
0.992299 -0.086333 -0.088820 -0.002400 0.083377 0.995851 -0.036468 12.777500 0.091600 0.028782 0.995380 0.315300 0.000000 0.000000 0.000000 1.000000
0.994206 -0.056688 -0.091325 -0.002400 0.052955 0.997679 -0.042798 12.777500 0.093539 0.037714 0.994901 0.315300 0.000000 0.000000 0.000000 1.000000
0.995887 -0.017590 -0.088885 -0.002400 0.013293 0.998724 -0.048712 12.777500 0.089628 0.047330 0.994850 0.315300 0.000000 0.000000 0.000000 1.000000
0.996621 0.018868 -0.079940 -0.002400 -0.023384 0.998160 -0.055948 12.777500 0.078738 0.057628 0.995228 0.315300 0.000000 0.000000 0.000000 1.000000
0.996817 0.045439 -0.065510 -0.002400 -0.049764 0.996580 -0.065965 12.777500 0.062289 0.069015 0.995669 0.315300 0.000000 0.000000 0.000000 1.000000
0.997019 0.060750 -0.047576 -0.002400 -0.064374 0.994813 -0.078764 12.777500 0.042544 0.081592 0.995757 0.315300 0.000000 0.000000 0.000000 1.000000
0.997505 0.064883 -0.027833 -0.002400 -0.067217 0.993368 -0.093282 12.777500 0.021596 0.094920 0.995251 0.315300 0.000000 0.000000 0.000000 1.000000
0.997926 0.063904 -0.007699 -0.002400 -0.064362 0.992137 -0.107335 12.777500 0.000779 0.107608 0.994193 0.315300 0.000000 0.000000 0.000000 1.000000
0.998047 0.061327 0.011848 -0.002400 -0.059501 0.991190 -0.118334 12.777500 -0.019000 0.117398 0.992903 0.315300 0.000000 0.000000 0.000000 1.000000
0.997683 0.061420 0.029260 -0.002400 -0.057333 0.990572 -0.124420 12.777500 -0.036626 0.122455 0.991798 0.315300 0.000000 0.000000 0.000000 1.000000
0.997156 0.060827 0.044502 -0.002400 -0.054825 0.990577 -0.125503 12.777500 -0.051716 0.122706 0.991095 0.315300 0.000000 0.000000 0.000000 1.000000
0.996413 0.058094 0.061533 -0.002400 -0.050145 0.991057 -0.123658 12.777500 -0.068167 0.120129 0.990415 0.315300 0.000000 0.000000 0.000000 1.000000
0.995532 0.061926 0.071283 -0.002400 -0.052864 0.991042 -0.122645 12.777500 -0.078239 0.118329 0.989887 0.315300 0.000000 0.000000 0.000000 1.000000
0.994690 0.074732 0.070759 -0.002400 -0.065534 0.990064 -0.124409 12.777500 -0.079353 0.119111 0.989705 0.315300 0.000000 0.000000 0.000000 1.000000
0.992352 0.107657 0.060387 -0.002400 -0.099186 0.986663 -0.129068 12.777500 -0.073477 0.122091 0.989795 0.315300 0.000000 0.000000 0.000000 1.000000
0.991600 0.120219 0.047711 -0.002400 -0.113042 0.984785 -0.131984 12.777500 -0.062852 0.125482 0.990103 0.315300 0.000000 0.000000 0.000000 1.000000
0.992648 0.115472 0.036270 -0.002400 -0.109782 0.985165 -0.131900 12.777500 -0.050963 0.126948 0.990599 0.315300 0.000000 0.000000 0.000000 1.000000
0.995263 0.093130 0.027884 -0.002400 -0.088863 0.987846 -0.127526 12.777500 -0.039422 0.124444 0.991443 0.315300 0.000000 0.000000 0.000000 1.000000
0.998214 0.055690 0.021640 -0.002400 -0.052752 0.991565 -0.118392 12.777500 -0.028051 0.117039 0.992731 0.315300 0.000000 0.000000 0.000000 1.000000
0.999847 0.010931 0.013645 -0.002400 -0.009419 0.994289 -0.106303 12.777500 -0.014729 0.106158 0.994240 0.315300 0.000000 0.000000 0.000000 1.000000
0.999551 -0.029945 0.000808 -0.002400 0.029885 0.994983 -0.095479 12.777500 0.002055 0.095460 0.995431 0.315300 0.000000 0.000000 0.000000 1.000000
0.998156 -0.058648 -0.015645 -0.002400 0.057018 0.994337 -0.089679 12.777500 0.020816 0.088622 0.995848 0.315300 0.000000 0.000000 0.000000 1.000000
0.996736 -0.074334 -0.031488 -0.002400 0.071244 0.993398 -0.089915 12.777500 0.037964 0.087378 0.995452 0.315300 0.000000 0.000000 0.000000 1.000000
0.995774 -0.081110 -0.043082 -0.002400 0.076760 0.992561 -0.094501 12.777500 0.050426 0.090794 0.994592 0.315300 0.000000 0.000000 0.000000 1.000000
0.995030 -0.086901 -0.048610 -0.002400 0.081684 0.991567 -0.100613 12.777500 0.056943 0.096143 0.993737 0.315300 0.000000 0.000000 0.000000 1.000000
0.994211 -0.095533 -0.049175 -0.002400 0.089948 0.990351 -0.105427 12.777500 0.058773 0.100393 0.993210 0.315300 0.000000 0.000000 0.000000 1.000000
0.993317 -0.104956 -0.048015 -0.002400 0.099353 0.989274 -0.107078 12.777500 0.058738 0.101592 0.993091 0.315300 0.000000 0.000000 0.000000 1.000000
0.992549 -0.111632 -0.048841 -0.002400 0.105983 0.988701 -0.106013 12.777500 0.060123 0.100047 0.993165 0.315300 0.000000 0.000000 0.000000 1.000000
0.992581 -0.108511 -0.054856 -0.002400 0.102339 0.989195 -0.104978 12.777500 0.065654 0.098585 0.992961 0.315300 0.000000 0.000000 0.000000 1.000000
0.992837 -0.101828 -0.062497 -0.002400 0.094757 0.989709 -0.107227 12.777500 0.072773 0.100537 0.992268 0.315300 0.000000 0.000000 0.000000 1.000000
0.993098 -0.096153 -0.067162 -0.002400 0.088115 0.989586 -0.113821 12.777500 0.077407 0.107118 0.991229 0.315300 0.000000 0.000000 0.000000 1.000000
0.993050 -0.095376 -0.068955 -0.002400 0.086430 0.988664 -0.122770 12.777500 0.079883 0.115956 0.990037 0.315300 0.000000 0.000000 0.000000 1.000000
0.992835 -0.100426 -0.064757 -0.002400 0.091392 0.987303 -0.129927 12.777500 0.076983 0.123078 0.989407 0.315300 0.000000 0.000000 0.000000 1.000000
0.994042 -0.093927 -0.055296 -0.002400 0.086024 0.987621 -0.131169 12.777500 0.066932 0.125631 0.989817 0.315300 0.000000 0.000000 0.000000 1.000000
0.997506 -0.054219 -0.045180 -0.002400 0.048156 0.990874 -0.125898 12.777500 0.051593 0.123408 0.991014 0.315300 0.000000 0.000000 0.000000 1.000000
0.999375 -0.002586 -0.035244 -0.002400 -0.001617 0.992928 -0.118707 12.777500 0.035302 0.118689 0.992304 0.315300 0.000000 0.000000 0.000000 1.000000
0.998688 0.044086 -0.026041 -0.002400 -0.046765 0.992461 -0.113290 12.777500 0.020850 0.114360 0.993221 0.315300 0.000000 0.000000 0.000000 1.000000
0.996689 0.079307 -0.017911 -0.002400 -0.080812 0.990522 -0.111064 12.777500 0.008933 0.112144 0.993652 0.315300 0.000000 0.000000 0.000000 1.000000
0.994569 0.103449 -0.011414 -0.002400 -0.104076 0.988255 -0.111890 12.777500 -0.000295 0.112471 0.993655 0.315300 0.000000 0.000000 0.000000 1.000000
0.992901 0.118744 -0.006822 -0.002400 -0.118737 0.986226 -0.115151 12.777500 -0.006945 0.115143 0.993325 0.315300 0.000000 0.000000 0.000000 1.000000
0.992039 0.125891 -0.003078 -0.002400 -0.125349 0.984839 -0.119912 12.777500 -0.012064 0.119343 0.992780 0.315300 0.000000 0.000000 0.000000 1.000000
0.991957 0.126569 0.001517 -0.002400 -0.125396 0.984255 -0.124568 12.777500 -0.017260 0.123376 0.992210 0.315300 0.000000 0.000000 0.000000 1.000000
0.992450 0.122341 0.008755 -0.002400 -0.120245 0.984554 -0.127254 12.777500 -0.024188 0.125241 0.991832 0.315300 0.000000 0.000000 0.000000 1.000000
0.993581 0.111181 0.020885 -0.002400 -0.107661 0.986017 -0.127196 12.777500 -0.034734 0.124131 0.991658 0.315300 0.000000 0.000000 0.000000 1.000000
0.994108 0.104078 0.030285 -0.002400 -0.099533 0.987126 -0.125199 12.777500 -0.042926 0.121447 0.991669 0.315300 0.000000 0.000000 0.000000 1.000000
0.994015 0.103805 0.034039 -0.002400 -0.098946 0.987561 -0.122200 12.777500 -0.046301 0.118101 0.991922 0.315300 0.000000 0.000000 0.000000 1.000000
0.993411 0.110136 0.031686 -0.002400 -0.105634 0.987196 -0.119524 12.777500 -0.044444 0.115389 0.992326 0.315300 0.000000 0.000000 0.000000 1.000000
0.990484 0.135611 0.023475 -0.002400 -0.131979 0.984275 -0.117405 12.777500 -0.039027 0.113190 0.992807 0.315300 0.000000 0.000000 0.000000 1.000000
0.987699 0.155687 0.014593 -0.002400 -0.153056 0.981660 -0.113655 12.777500 -0.032020 0.110024 0.993413 0.315300 0.000000 0.000000 0.000000 1.000000
0.987286 0.158778 0.007506 -0.002400 -0.157071 0.981741 -0.107299 12.777500 -0.024405 0.104756 0.994198 0.315300 0.000000 0.000000 0.000000 1.000000
0.988764 0.149482 0.000273 -0.002400 -0.148724 0.983930 -0.098809 12.777500 -0.015038 0.097658 0.995106 0.315300 0.000000 0.000000 0.000000 1.000000
0.991814 0.127467 -0.007598 -0.002400 -0.127632 0.987733 -0.089959 12.777500 -0.003962 0.090192 0.995916 0.315300 0.000000 0.000000 0.000000 1.000000
0.995255 0.095957 -0.016131 -0.002400 -0.096972 0.991815 -0.083060 12.777500 0.008029 0.084231 0.996414 0.315300 0.000000 0.000000 0.000000 1.000000
0.997843 0.060505 -0.025454 -0.002400 -0.062348 0.994904 -0.079233 12.777500 0.020531 0.080649 0.996531 0.315300 0.000000 0.000000 0.000000 1.000000
0.999012 0.024486 -0.037091 -0.002400 -0.027310 0.996607 -0.077642 12.777500 0.035064 0.078579 0.996291 0.315300 0.000000 0.000000 0.000000 1.000000
0.998684 -0.002742 -0.051203 -0.002400 -0.001168 0.997094 -0.076172 12.777500 0.051263 0.076132 0.995779 0.315300 0.000000 0.000000 0.000000 1.000000
0.997048 -0.032872 -0.069386 -0.002400 0.027743 0.996899 -0.073636 12.777500 0.071591 0.071494 0.994869 0.315300 0.000000 0.000000 0.000000 1.000000
0.994066 -0.059172 -0.091275 -0.002400 0.052905 0.996170 -0.069611 12.777500 0.095044 0.064369 0.993390 0.315300 0.000000 0.000000 0.000000 1.000000
0.990129 -0.081003 -0.114382 -0.002400 0.073990 0.995184 -0.064293 12.777500 0.119039 0.055195 0.991354 0.315300 0.000000 0.000000 0.000000 1.000000
0.984524 -0.107802 -0.138169 -0.002400 0.100253 0.993121 -0.060498 12.777500 0.143740 0.045710 0.988559 0.315300 0.000000 0.000000 0.000000 1.000000</float_array>
        <technique_common>
          <accessor source="#mixamorig_Spine-Matrix-animation-output-transform-array" count="64" stride="16">
            <param type="float4x4"/>
          </accessor>
        </technique_common>
      </source>
      <source id="mixamorig_Spine-Interpolations">
        <Name_array id="mixamorig_Spine-Interpolations-array" count="64">
 LINEAR LINEAR LINEAR LINEAR LINEAR LINEAR LINEAR LINEAR LINEAR LINEAR LINEAR
LINEAR LINEAR LINEAR LINEAR LINEAR LINEAR LINEAR LINEAR LINEAR LINEAR LINEAR LINEAR
LINEAR LINEAR LINEAR LINEAR LINEAR LINEAR LINEAR LINEAR LINEAR LINEAR LINEAR LINEAR
LINEAR LINEAR LINEAR LINEAR LINEAR LINEAR LINEAR LINEAR LINEAR LINEAR LINEAR LINEAR
LINEAR LINEAR LINEAR LINEAR LINEAR LINEAR LINEAR LINEAR LINEAR LINEAR LINEAR LINEAR
LINEAR LINEAR LINEAR LINEAR LINEAR</Name_array>
        <technique_common>
          <accessor source="#mixamorig_Spine-Interpolations-array" count="64">
            <param type="name"/>
          </accessor>
        </technique_common>
      </source>
      <sampler id="mixamorig_Spine-Matrix-animation-transform">
        <input semantic="INPUT" source="#mixamorig_Spine-Matrix-animation-input"/>
        <input semantic="OUTPUT" source="#mixamorig_Spine-Matrix-animation-output-transform"/>
        <input semantic="INTERPOLATION" source="#mixamorig_Spine-Interpolations"/>
      </sampler>
      <channel source="#mixamorig_Spine-Matrix-animation-transform" target="mixamorig_Spine/matrix"/>
    </animation>
    <animation id="mixamorig_Spine1-anim" name="mixamorig_Spine1">
      <source id="mixamorig_Spine1-Matrix-animation-input">
        <float_array id="mixamorig_Spine1-Matrix-animation-input-array" count="64">

0.000000 0.033333 0.066667 0.100000 0.133333 0.166667 0.200000 0.233333 0.266667 0.300000 0.333333 0.366667 0.400000 0.433333 0.466667 0.500000
0.533333 0.566667 0.600000 0.633333 0.666667 0.700000 0.733333 0.766667 0.800000 0.833333 0.866667 0.900000 0.933333 0.966667 1.000000 1.033333
1.066667 1.100000 1.133333 1.166667 1.200000 1.233333 1.266667 1.300000 1.333333 1.366667 1.400000 1.433333 1.466667 1.500000 1.533333 1.566667
1.600000 1.633333 1.666667 1.700000 1.733333 1.766667 1.800000 1.833333 1.866667 1.900000 1.933333 1.966667 2.000000 2.033333 2.066667 2.100000</float_array>
        <technique_common>
          <accessor source="#mixamorig_Spine1-Matrix-animation-input-array" count="64">
            <param name="TIME" type="float"/>
          </accessor>
        </technique_common>
      </source>
      <source id="mixamorig_Spine1-Matrix-animation-output-transform">
        <float_array id="mixamorig_Spine1-Matrix-animation-output-transform-array" count="1024">

0.952986 -0.118362 -0.278942 0.000000 0.098700 0.991603 -0.083562 8.792700 0.286490 0.052102 0.956666 -0.000000 0.000000 0.000000 0.000000 1.000000
0.965128 -0.126774 -0.229032 0.000000 0.119519 0.991796 -0.045334 8.792700 0.232900 0.016379 0.972363 0.000000 0.000000 0.000000 0.000000 1.000000
0.972008 -0.125684 -0.198504 0.000000 0.122159 0.992058 -0.029955 8.792700 0.200693 0.004868 0.979642 0.000000 0.000000 0.000000 0.000000 1.000000
0.976327 -0.109334 -0.186632 -0.000000 0.105340 0.993946 -0.031213 8.792700 0.188915 0.010815 0.981934 0.000000 0.000000 0.000000 0.000000 1.000000
0.979380 -0.074699 -0.187712 -0.000000 0.067950 0.996798 -0.042144 8.792700 0.190259 0.028520 0.981320 0.000000 0.000000 0.000000 0.000000 1.000000
0.981478 -0.025829 -0.189828 0.000000 0.015680 0.998376 -0.054772 8.792700 0.190934 0.050781 0.980288 0.000000 0.000000 0.000000 0.000000 1.000000
0.982689 0.027979 -0.183137 0.000000 -0.040849 0.996924 -0.066886 8.792700 0.180702 0.073210 0.980809 -0.000000 0.000000 0.000000 0.000000 1.000000
0.983489 0.076938 -0.163801 -0.000000 -0.091136 0.992539 -0.080998 8.792700 0.156347 0.094589 0.983163 0.000000 0.000000 0.000000 0.000000 1.000000
0.984465 0.114514 -0.133096 0.000000 -0.128314 0.986660 -0.100184 8.792700 0.119848 0.115706 0.986027 0.000000 0.000000 0.000000 0.000000 1.000000
0.985679 0.139245 -0.095125 0.000000 -0.150620 0.980623 -0.125268 8.792700 0.075839 0.137801 0.987552 -0.000000 0.000000 0.000000 0.000000 1.000000
0.986651 0.153304 -0.054940 0.000000 -0.160093 0.974909 -0.154669 8.792700 0.029850 0.161400 0.986438 -0.000000 0.000000 0.000000 0.000000 1.000000
0.986955 0.160102 -0.016929 0.000000 -0.160455 0.969603 -0.184725 8.792700 -0.013160 0.185032 0.982644 0.000000 0.000000 0.000000 0.000000 1.000000
0.986667 0.161815 0.017451 0.000000 -0.154605 0.965369 -0.210144 8.792700 -0.050851 0.204644 0.977515 -0.000000 0.000000 0.000000 0.000000 1.000000
0.986035 0.158606 0.050792 0.000000 -0.143355 0.963554 -0.225862 8.792700 -0.084764 0.215426 0.972834 0.000000 0.000000 0.000000 0.000000 1.000000
0.984907 0.149959 0.086437 -0.000000 -0.126754 0.964950 -0.229791 8.792700 -0.117867 0.215367 0.969394 -0.000000 0.000000 0.000000 0.000000 1.000000
0.982897 0.136786 0.123300 0.000000 -0.106654 0.968645 -0.224392 8.792700 -0.150128 0.207404 0.966667 0.000000 0.000000 0.000000 0.000000 1.000000
0.980649 0.122172 0.152976 0.000000 -0.087473 0.972485 -0.215920 8.792700 -0.175146 0.198360 0.964353 -0.000000 0.000000 0.000000 0.000000 1.000000
0.980223 0.109617 0.164765 0.000000 -0.073603 0.974789 -0.210638 8.792700 -0.183701 0.194345 0.963579 0.000000 0.000000 0.000000 0.000000 1.000000
0.982917 0.098780 0.155292 0.000000 -0.064695 0.975357 -0.210933 8.792700 -0.172301 0.197283 0.965086 0.000000 0.000000 0.000000 0.000000 1.000000
0.987665 0.083741 0.132306 0.000000 -0.054019 0.975324 -0.214066 8.792700 -0.146967 0.204279 0.967818 -0.000000 0.000000 0.000000 0.000000 1.000000
0.992430 0.056380 0.109105 0.000000 -0.031821 0.976106 -0.214953 8.792700 -0.118617 0.209854 0.970511 0.000000 0.000000 0.000000 0.000000 1.000000
0.995603 0.013243 0.092730 0.000000 0.006473 0.977861 -0.209156 8.792700 -0.093447 0.208837 0.973476 -0.000000 0.000000 0.000000 0.000000 1.000000
0.995973 -0.041255 0.079593 0.000000 0.056145 0.979189 -0.195027 8.792700 -0.069891 0.198711 0.977563 -0.000000 0.000000 0.000000 0.000000 1.000000
0.993478 -0.096666 0.060468 0.000000 0.105937 0.978677 -0.175978 8.792700 -0.042168 0.181236 0.982535 -0.000000 0.000000 0.000000 0.000000 1.000000
0.989315 -0.142592 0.030398 0.000000 0.145632 0.976374 -0.159642 8.792700 -0.006916 0.162363 0.986707 0.000000 0.000000 0.000000 0.000000 1.000000
0.984666 -0.174313 -0.006867 0.000000 0.171253 0.973381 -0.152323 8.792700 0.033236 0.148811 0.988307 -0.000000 0.000000 0.000000 0.000000 1.000000
0.980248 -0.193064 -0.042899 -0.000000 0.184338 0.970488 -0.155475 8.792700 0.071649 0.144496 0.986908 0.000000 0.000000 0.000000 0.000000 1.000000
0.976620 -0.203065 -0.070558 0.000000 0.189259 0.967829 -0.165793 8.792700 0.101955 0.148563 0.983633 0.000000 0.000000 0.000000 0.000000 1.000000
0.974194 -0.207758 -0.088215 0.000000 0.189866 0.965642 -0.177445 8.792700 0.122049 0.156117 0.980169 0.000000 0.000000 0.000000 0.000000 1.000000
0.973002 -0.208240 -0.099519 -0.000000 0.187552 0.964696 -0.184891 8.792700 0.134507 0.161235 0.977707 0.000000 0.000000 0.000000 0.000000 1.000000
0.972716 -0.203999 -0.110486 0.000000 0.181502 0.965782 -0.185263 8.792700 0.144499 0.160155 0.976458 -0.000000 0.000000 0.000000 0.000000 1.000000
0.972818 -0.194550 -0.125601 -0.000000 0.170470 0.968746 -0.180197 8.792700 0.156733 0.153888 0.975578 0.000000 0.000000 0.000000 0.000000 1.000000
0.972850 -0.180641 -0.144674 0.000000 0.154450 0.972301 -0.175433 8.792700 0.172357 0.148325 0.973803 -0.000000 0.000000 0.000000 0.000000 1.000000
0.972908 -0.163545 -0.163412 0.000000 0.134222 0.975063 -0.176741 8.792700 0.188242 0.150019 0.970597 0.000000 0.000000 0.000000 0.000000 1.000000
0.973821 -0.143614 -0.176204 0.000000 0.110337 0.976341 -0.185969 8.792700 0.198743 0.161658 0.966627 -0.000000 0.000000 0.000000 0.000000 1.000000
0.976560 -0.118970 -0.179378 -0.000000 0.082381 0.976499 -0.199156 8.792700 0.198856 0.179711 0.963411 0.000000 0.000000 0.000000 0.000000 1.000000
0.981211 -0.086111 -0.172657 0.000000 0.048959 0.976712 -0.208894 8.792700 0.186624 0.196516 0.962576 -0.000000 0.000000 0.000000 0.000000 1.000000
0.986533 -0.042292 -0.158000 0.000000 0.008311 0.977707 -0.209810 8.792700 0.163351 0.205672 0.964891 0.000000 0.000000 0.000000 0.000000 1.000000
0.990366 0.012057 -0.137950 0.000000 -0.040066 0.978542 -0.202114 8.792700 0.132553 0.205694 0.969598 -0.000000 0.000000 0.000000 0.000000 1.000000
0.990804 0.072288 -0.114378 -0.000000 -0.093358 0.977106 -0.191177 8.792700 0.097940 0.200097 0.974869 0.000000 0.000000 0.000000 0.000000 1.000000
0.987393 0.131095 -0.088713 -0.000000 -0.145534 0.972271 -0.183052 8.792700 0.062256 0.193655 0.979092 0.000000 0.000000 0.000000 0.000000 1.000000
0.981381 0.181422 -0.063062 0.000000 -0.190018 0.964941 -0.181057 8.792700 0.028004 0.189669 0.981449 0.000000 0.000000 0.000000 0.000000 1.000000
0.974876 0.219013 -0.040615 -0.000000 -0.222741 0.957127 -0.185190 8.792700 -0.001685 0.189584 0.981863 0.000000 0.000000 0.000000 0.000000 1.000000
0.969744 0.242947 -0.023938 0.000000 -0.242906 0.950472 -0.193905 8.792700 -0.024357 0.193853 0.980728 -0.000000 0.000000 0.000000 0.000000 1.000000
0.967056 0.254245 -0.012711 -0.000000 -0.251373 0.945867 -0.205297 8.792700 -0.040173 0.201729 0.978617 -0.000000 0.000000 0.000000 0.000000 1.000000
0.967017 0.254692 -0.003201 0.000000 -0.249307 0.943847 -0.216792 8.792700 -0.052194 0.210440 0.976213 -0.000000 0.000000 0.000000 0.000000 1.000000
0.969088 0.246532 0.009479 0.000000 -0.238150 0.944794 -0.225052 8.792700 -0.064438 0.215838 0.974301 -0.000000 0.000000 0.000000 0.000000 1.000000
0.972112 0.232952 0.027041 0.000000 -0.220926 0.948351 -0.227643 8.792700 -0.078674 0.215320 0.973369 -0.000000 0.000000 0.000000 0.000000 1.000000
0.974841 0.218017 0.046416 0.000000 -0.202504 0.953240 -0.224335 8.792700 -0.093154 0.209292 0.973406 0.000000 0.000000 0.000000 0.000000 1.000000
0.976646 0.205792 0.061743 0.000000 -0.188135 0.957906 -0.216845 8.792700 -0.103769 0.200165 0.974252 -0.000000 0.000000 0.000000 0.000000 1.000000
0.977641 0.198857 0.068365 -0.000000 -0.180919 0.961138 -0.208524 8.792700 -0.107175 0.191493 0.975625 0.000000 0.000000 0.000000 0.000000 1.000000
0.978618 0.194953 0.065570 0.000000 -0.178459 0.963286 -0.200581 8.792700 -0.102267 0.184590 0.977480 0.000000 0.000000 0.000000 0.000000 1.000000
0.980635 0.187837 0.055437 0.000000 -0.174198 0.965926 -0.191422 8.792700 -0.089504 0.178058 0.979941 0.000000 0.000000 0.000000 0.000000 1.000000
0.984381 0.171372 0.040325 0.000000 -0.161584 0.970396 -0.179506 8.792700 -0.069894 0.170187 0.982930 0.000000 0.000000 0.000000 0.000000 1.000000
0.989422 0.143454 0.021560 0.000000 -0.137985 0.976543 -0.165301 8.792700 -0.044768 0.160578 0.986007 0.000000 0.000000 0.000000 0.000000 1.000000
0.994242 0.107155 0.000060 0.000000 -0.105915 0.982830 -0.151089 8.792700 -0.016249 0.150213 0.988520 -0.000000 0.000000 0.000000 0.000000 1.000000
0.997375 0.068652 -0.023012 -0.000000 -0.071197 0.987716 -0.139099 8.792700 0.013180 0.140372 0.990011 -0.000000 0.000000 0.000000 0.000000 1.000000
0.998329 0.033527 -0.047072 -0.000000 -0.039391 0.990764 -0.129752 8.792700 0.042287 0.131390 0.990428 -0.000000 0.000000 0.000000 0.000000 1.000000
0.997284 0.003439 -0.073571 0.000000 -0.012428 0.992444 -0.122071 8.792700 0.072595 0.122654 0.989791 0.000000 0.000000 0.000000 0.000000 1.000000
0.994201 -0.021948 -0.105279 0.000000 0.009772 0.993339 -0.114810 8.792700 0.107097 0.113116 0.987793 0.000000 0.000000 0.000000 0.000000 1.000000
0.988539 -0.045788 -0.143857 0.000000 0.030435 0.993775 -0.107170 8.792700 0.147869 0.101564 0.983778 0.000000 0.000000 0.000000 0.000000 1.000000
0.979702 -0.069855 -0.187892 0.000000 0.051826 0.993716 -0.099215 8.792700 0.193642 0.087463 0.977166 0.000000 0.000000 0.000000 0.000000 1.000000
0.967643 -0.094250 -0.234060 0.000000 0.074705 0.993042 -0.091028 8.792700 0.241011 0.070597 0.967951 0.000000 0.000000 0.000000 0.000000 1.000000
0.952986 -0.118362 -0.278942 0.000000 0.098700 0.991603 -0.083562 8.792700 0.286490 0.052102 0.956666 0.000000 0.000000 0.000000 0.000000 1.000000</float_array>
        <technique_common>
          <accessor source="#mixamorig_Spine1-Matrix-animation-output-transform-array" count="64" stride="16">
            <param type="float4x4"/>
          </accessor>
        </technique_common>
      </source>
      <source id="mixamorig_Spine1-Interpolations">
        <Name_array id="mixamorig_Spine1-Interpolations-array" count="64">
 LINEAR LINEAR LINEAR LINEAR LINEAR LINEAR LINEAR LINEAR LINEAR LINEAR LINEAR
LINEAR LINEAR LINEAR LINEAR LINEAR LINEAR LINEAR LINEAR LINEAR LINEAR LINEAR LINEAR
LINEAR LINEAR LINEAR LINEAR LINEAR LINEAR LINEAR LINEAR LINEAR LINEAR LINEAR LINEAR
LINEAR LINEAR LINEAR LINEAR LINEAR LINEAR LINEAR LINEAR LINEAR LINEAR LINEAR LINEAR
LINEAR LINEAR LINEAR LINEAR LINEAR LINEAR LINEAR LINEAR LINEAR LINEAR LINEAR LINEAR
LINEAR LINEAR LINEAR LINEAR LINEAR</Name_array>
        <technique_common>
          <accessor source="#mixamorig_Spine1-Interpolations-array" count="64">
            <param type="name"/>
          </accessor>
        </technique_common>
      </source>
      <sampler id="mixamorig_Spine1-Matrix-animation-transform">
        <input semantic="INPUT" source="#mixamorig_Spine1-Matrix-animation-input"/>
        <input semantic="OUTPUT" source="#mixamorig_Spine1-Matrix-animation-output-transform"/>
        <input semantic="INTERPOLATION" source="#mixamorig_Spine1-Interpolations"/>
      </sampler>
      <channel source="#mixamorig_Spine1-Matrix-animation-transform" target="mixamorig_Spine1/matrix"/>
    </animation>
    <animation id="mixamorig_Spine2-anim" name="mixamorig_Spine2">
      <source id="mixamorig_Spine2-Matrix-animation-input">
        <float_array id="mixamorig_Spine2-Matrix-animation-input-array" count="64">

0.000000 0.033333 0.066667 0.100000 0.133333 0.166667 0.200000 0.233333 0.266667 0.300000 0.333333 0.366667 0.400000 0.433333 0.466667 0.500000
0.533333 0.566667 0.600000 0.633333 0.666667 0.700000 0.733333 0.766667 0.800000 0.833333 0.866667 0.900000 0.933333 0.966667 1.000000 1.033333
1.066667 1.100000 1.133333 1.166667 1.200000 1.233333 1.266667 1.300000 1.333333 1.366667 1.400000 1.433333 1.466667 1.500000 1.533333 1.566667
1.600000 1.633333 1.666667 1.700000 1.733333 1.766667 1.800000 1.833333 1.866667 1.900000 1.933333 1.966667 2.000000 2.033333 2.066667 2.100000</float_array>
        <technique_common>
          <accessor source="#mixamorig_Spine2-Matrix-animation-input-array" count="64">
            <param name="TIME" type="float"/>
          </accessor>
        </technique_common>
      </source>
      <source id="mixamorig_Spine2-Matrix-animation-output-transform">
        <float_array id="mixamorig_Spine2-Matrix-animation-output-transform-array" count="1024">

0.953175 -0.113976 -0.280121 0.000000 0.093343 0.991915 -0.085970 8.651100 0.287655 0.055797 0.956107 0.000000 0.000000 0.000000 0.000000 1.000000
0.965200 -0.123854 -0.230322 0.000000 0.116016 0.992119 -0.047323 8.651100 0.234368 0.018956 0.971963 -0.000000 0.000000 0.000000 0.000000 1.000000
0.972047 -0.123506 -0.199676 0.000000 0.119563 0.992319 -0.031732 8.651100 0.202062 0.006971 0.979348 0.000000 0.000000 0.000000 0.000000 1.000000
0.976370 -0.107524 -0.187455 -0.000000 0.103156 0.994120 -0.032927 8.651100 0.189893 0.012812 0.981721 0.000000 0.000000 0.000000 0.000000 1.000000
0.979430 -0.073156 -0.188055 0.000000 0.066057 0.996856 -0.043754 8.651100 0.190664 0.030432 0.981183 0.000000 0.000000 0.000000 0.000000 1.000000
0.981516 -0.024599 -0.189790 -0.000000 0.014186 0.998328 -0.056028 8.651100 0.190851 0.052300 0.980225 0.000000 0.000000 0.000000 0.000000 1.000000
0.982696 0.028919 -0.182953 0.000000 -0.041913 0.996835 -0.067558 8.651100 0.180421 0.074057 0.980798 0.000000 0.000000 0.000000 0.000000 1.000000
0.983457 0.077714 -0.163627 0.000000 -0.091919 0.992458 -0.081104 8.651100 0.156090 0.094803 0.983183 0.000000 0.000000 0.000000 0.000000 1.000000
0.984410 0.115224 -0.132891 0.000000 -0.128984 0.986588 -0.100037 8.651100 0.119582 0.115618 0.986069 -0.000000 0.000000 0.000000 0.000000 1.000000
0.985632 0.139848 -0.094724 -0.000000 -0.151163 0.980542 -0.125251 8.651100 0.075365 0.137770 0.987593 -0.000000 0.000000 0.000000 0.000000 1.000000
0.986632 0.153692 -0.054196 0.000000 -0.160364 0.974818 -0.154965 8.651100 0.029014 0.161585 0.986432 -0.000000 0.000000 0.000000 0.000000 1.000000
